  65.330    0.13366  231.155 4.188051e+15 1.672248e+09 8.773967e+20 1.704684e+10 1.562889e+12
  60.330    0.25225  248.003 7.366920e+15 4.821443e+09 1.543370e+21 3.083703e+10 2.749230e+12
  55.330    0.47405  263.256 1.304266e+16 1.378437e+10 2.732438e+21 5.605912e+10 4.867495e+12
  50.330    0.89842  274.688 2.368947e+16 4.012664e+10 4.962943e+21 1.018771e+11 8.841121e+12
  45.330    1.66910  268.651 4.499994e+16 1.201311e+11 9.427489e+21 1.913116e+11 1.679571e+13
  40.330    3.09954  255.155 8.798529e+16 3.739979e+11 1.843292e+22 3.624541e+11 3.284725e+13
  39.830    3.31913  253.282 9.491536e+16 4.964035e+11 1.988477e+22 3.793635e+11 3.544103e+13
  39.334    3.55138  251.718 1.021880e+17 5.478271e+11 2.140839e+22 4.050237e+11 3.815765e+13
  38.839    3.79791  250.442 1.098385e+17 5.954197e+11 2.301116e+22 4.325867e+11 4.101566e+13
  38.343    4.05359  249.318 1.177612e+17 6.454206e+11 2.467096e+22 4.608305e+11 4.397550e+13
  37.847    4.33675  248.653 1.263245e+17 6.948248e+11 2.646498e+22 4.921303e+11 4.717465e+13
  37.351    4.62298  247.991 1.350215e+17 7.434835e+11 2.828701e+22 5.239924e+11 5.042375e+13
  36.856    4.95207  247.372 1.449950e+17 7.981162e+11 3.037645e+22 5.611568e+11 5.414986e+13
  36.360    5.28116  246.753 1.550185e+17 8.520298e+11 3.247637e+22 5.988158e+11 5.789496e+13
  35.864    5.66547  245.580 1.670937e+17 9.158123e+11 3.500612e+22 6.446850e+11 6.240643e+13
  35.368    6.05240  244.390 1.793749e+17 9.789632e+11 3.757905e+22 6.917392e+11 6.699527e+13
  34.873    6.50116  242.866 1.938837e+17 1.050134e+12 4.061865e+22 7.470536e+11 7.241659e+13
  34.377    6.96191  241.398 2.088873e+17 1.119413e+12 4.376190e+22 8.039098e+11 7.802328e+13
  33.881    7.47441  240.171 2.254096e+17 1.188567e+12 4.722331e+22 8.643759e+11 8.419793e+13
  33.385    8.01605  239.057 2.428715e+17 1.256604e+12 5.088157e+22 9.269547e+11 9.072420e+13
  32.890    8.59694  238.092 2.615270e+17 1.313904e+12 5.478991e+22 9.932200e+11 9.769772e+13
  32.394    9.23259  237.230 2.818845e+17 1.370525e+12 5.905480e+22 1.063791e+12 1.053080e+14
  31.898    9.89604  236.396 3.032067e+17 1.417225e+12 6.352179e+22 1.132060e+12 1.132801e+14
  31.402   10.62565  235.485 3.268197e+17 1.466871e+12 6.846872e+22 1.205310e+12 1.221101e+14
  30.907   11.39882  234.392 3.522365e+17 1.515976e+12 7.379353e+22 1.281844e+12 1.316156e+14
  30.411   12.21100  233.134 3.793694e+17 1.562766e+12 7.947788e+22 1.365861e+12 1.417653e+14
  29.915   13.12205  232.140 4.094201e+17 1.616573e+12 8.577352e+22 1.460948e+12 1.530083e+14
  29.419   14.09581  231.293 4.414118e+17 1.674214e+12 9.247577e+22 1.564111e+12 1.649797e+14
  28.924   15.14349  230.548 4.757524e+17 1.753753e+12 9.967014e+22 1.677465e+12 1.778347e+14
  28.428   16.30654  229.638 5.143223e+17 1.853899e+12 1.077505e+23 1.806899e+12 1.922756e+14
  27.932   17.59067  228.962 5.564610e+17 1.969181e+12 1.165786e+23 1.945870e+12 2.080581e+14
  27.436   18.98259  228.178 6.025570e+17 2.093784e+12 1.262357e+23 2.088854e+12 2.253282e+14
  26.941   20.47978  227.414 6.522665e+17 2.207038e+12 1.366498e+23 2.232140e+12 2.439627e+14
  26.445   22.07582  226.994 7.044010e+17 2.335723e+12 1.475720e+23 2.385085e+12 2.635159e+14
  25.949   23.77505  227.045 7.584494e+17 2.500415e+12 1.588952e+23 2.542137e+12 2.838010e+14
  25.453   25.60016  226.786 8.176051e+17 2.688350e+12 1.712883e+23 2.707585e+12 3.060125e+14
  24.957   27.56386  226.292 8.822411e+17 2.859383e+12 1.848295e+23 2.882140e+12 3.302995e+14
  24.462   29.66960  225.758 9.518873e+17 3.005551e+12 1.994204e+23 3.064707e+12 3.564890e+14
  23.966   31.92970  225.533 1.025417e+18 3.188473e+12 2.148249e+23 3.241346e+12 3.841719e+14
  23.470   34.36329  225.736 1.102583e+18 3.455530e+12 2.309910e+23 3.407590e+12 4.132543e+14
  22.974   36.99450  226.061 1.185298e+18 3.746096e+12 2.483200e+23 3.600749e+12 4.444599e+14
  22.479   39.84932  226.282 1.275519e+18 3.987188e+12 2.672213e+23 3.804784e+12 4.785692e+14
  21.983   42.95185  226.400 1.374113e+18 4.098346e+12 2.878766e+23 4.025092e+12 5.158882e+14
  21.487   46.31850  226.392 1.481868e+18 4.059206e+12 3.104513e+23 4.280420e+12 5.567317e+14
  20.991   49.96924  226.449 1.598269e+18 3.995156e+12 3.348374e+23 4.540742e+12 6.009636e+14
  20.496   53.87461  226.823 1.720337e+18 3.988354e+12 3.604107e+23 4.825824e+12 6.474400e+14
  20.196   56.33485  227.168 1.796165e+18 3.931504e+12 3.762966e+23 5.016725e+12 6.764928e+14
  20.094   57.22742  227.255 1.823929e+18 3.872465e+12 3.821132e+23 5.088545e+12 6.872254e+14
  19.991   58.12000  227.341 1.851673e+18 3.867063e+12 3.879255e+23 5.165068e+12 6.978276e+14
  19.888   59.01257  227.428 1.879395e+18 3.859691e+12 3.937333e+23 5.241504e+12 7.084262e+14
  19.785   59.91286  227.506 1.907409e+18 3.850984e+12 3.996022e+23 5.318729e+12 7.191393e+14
  19.682   60.85711  227.539 1.937193e+18 3.838070e+12 4.058419e+23 5.401283e+12 7.305303e+14
  19.579   61.80137  227.571 1.966968e+18 3.819728e+12 4.120797e+23 5.484028e+12 7.419261e+14
  19.476   62.74565  227.604 1.996735e+18 3.799028e+12 4.183160e+23 5.566744e+12 7.533242e+14
  19.373   63.70586  227.635 2.027013e+18 3.776941e+12 4.246593e+23 5.650876e+12 7.649202e+14
  19.270   64.70493  227.663 2.058553e+18 3.752421e+12 4.312668e+23 5.737422e+12 7.770053e+14
  19.168   65.70399  227.690 2.090084e+18 3.724700e+12 4.378725e+23 5.823610e+12 7.890885e+14
  19.065   66.70303  227.718 2.121607e+18 3.694397e+12 4.444766e+23 5.909725e+12 8.011647e+14
  18.962   67.73129  227.745 2.154058e+18 3.663289e+12 4.512752e+23 5.998391e+12 8.135968e+14
  18.859   68.78773  227.771 2.187406e+18 3.653360e+12 4.582615e+23 6.091482e+12 8.263830e+14
  18.756   69.84419  227.797 2.220746e+18 3.641388e+12 4.652462e+23 6.184560e+12 8.391723e+14
  18.653   70.90063  227.823 2.254078e+18 3.627369e+12 4.722294e+23 6.277623e+12 8.519644e+14
  18.550   72.00486  227.865 2.288762e+18 3.617035e+12 4.794957e+23 6.376716e+12 8.652706e+14
  18.447   73.12154  227.911 2.323786e+18 3.613969e+12 4.868332e+23 6.482355e+12 8.787185e+14
  18.344   74.23820  227.957 2.358796e+18 3.609121e+12 4.941677e+23 6.588196e+12 8.921671e+14
  18.241   75.36383  228.009 2.394016e+18 3.602830e+12 5.015463e+23 6.694867e+12 9.057016e+14
  18.139   76.54498  228.097 2.430603e+18 3.577563e+12 5.092112e+23 6.805443e+12 9.197675e+14
  18.036   77.72612  228.185 2.467161e+18 3.538810e+12 5.168703e+23 6.916092e+12 9.338252e+14
  17.933   78.90729  228.272 2.503693e+18 3.497272e+12 5.245236e+23 7.026910e+12 9.478730e+14
  17.830   80.12560  228.367 2.541297e+18 3.453987e+12 5.324016e+23 7.140768e+12 9.623341e+14
  17.727   81.37544  228.467 2.579801e+18 3.398015e+12 5.404684e+23 7.252212e+12 9.771557e+14
  17.624   82.62531  228.568 2.618273e+18 3.338768e+12 5.485283e+23 7.363660e+12 9.919720e+14
  17.521   83.87514  228.668 2.656710e+18 3.276246e+12 5.565808e+23 7.475107e+12 1.006760e+15
  17.418   85.19696  228.781 2.697254e+18 3.227445e+12 5.650746e+23 7.591611e+12 1.022340e+15
  17.315   86.51914  228.893 2.737768e+18 3.190571e+12 5.735623e+23 7.707104e+12 1.037922e+15
  17.213   87.84130  229.005 2.778242e+18 3.151126e+12 5.820416e+23 7.822527e+12 1.053495e+15
  17.110   89.20043  229.122 2.819792e+18 3.110346e+12 5.907464e+23 7.941026e+12 1.069483e+15
  17.007   90.59743  229.243 2.862443e+18 3.103882e+12 5.996818e+23 8.063973e+12 1.085920e+15
  16.904   91.99439  229.364 2.905047e+18 3.095981e+12 6.086074e+23 8.186881e+12 1.102351e+15
  16.801   93.39358  229.483 2.947705e+18 3.086551e+12 6.175442e+23 8.310025e+12 1.118812e+15
  16.698   94.86590  229.528 2.993585e+18 3.082910e+12 6.271559e+23 8.441286e+12 1.136511e+15
  16.595   96.33820  229.573 3.039445e+18 3.081338e+12 6.367637e+23 8.571603e+12 1.154219e+15
  16.492   97.81050  229.618 3.085287e+18 3.078274e+12 6.463676e+23 8.701898e+12 1.171834e+15
  16.389   99.32630  229.664 3.132472e+18 3.075823e+12 6.562529e+23 8.835914e+12 1.189965e+15
  16.287  100.87213  229.711 3.180576e+18 3.080530e+12 6.663306e+23 8.971579e+12 1.208462e+15
  16.184  102.41798  229.758 3.228661e+18 3.083933e+12 6.764046e+23 9.107191e+12 1.226958e+15
  16.081  103.97661  229.813 3.277010e+18 3.086297e+12 6.865336e+23 9.243542e+12 1.245566e+15
  15.978  105.59834  229.910 3.326722e+18 3.097472e+12 6.969483e+23 9.377514e+12 1.264715e+15
  15.875  107.22008  230.006 3.376393e+18 3.111992e+12 7.073542e+23 9.508047e+12 1.283860e+15
  15.772  108.84180  230.103 3.426021e+18 3.125539e+12 7.177514e+23 9.638181e+12 1.302997e+15
  15.669  110.52583  230.176 3.477926e+18 3.140243e+12 7.286255e+23 9.774015e+12 1.323011e+15
  15.566  112.22952  230.242 3.530532e+18 3.154695e+12 7.396463e+23 9.910293e+12 1.343350e+15
  15.463  113.93320  230.307 3.583107e+18 3.168136e+12 7.506609e+23 1.004614e+13 1.363694e+15
  15.361  115.66965  230.370 3.636717e+18 3.181497e+12 7.618922e+23 1.018454e+13 1.384441e+15
  15.258  117.46143  230.430 3.692094e+18 3.195004e+12 7.734936e+23 1.034561e+13 1.405887e+15
  15.155  119.25321  230.490 3.747442e+18 3.207382e+12 7.850892e+23 1.050946e+13 1.427220e+15
  15.052  121.04588  230.549 3.802795e+18 3.218714e+12 7.966854e+23 1.067359e+13 1.448404e+15
  14.949  122.93163  230.579 3.861540e+18 3.225117e+12 8.089927e+23 1.084541e+13 1.470887e+15
  14.846  124.81741  230.609 3.920272e+18 3.223623e+12 8.212970e+23 1.101535e+13 1.493370e+15
  14.743  126.70315  230.638 3.978988e+18 3.220599e+12 8.335981e+23 1.118539e+13 1.515852e+15
  14.640  128.65605  230.652 4.040077e+18 3.215550e+12 8.463960e+23 1.136608e+13 1.539388e+15
  14.537  130.64104  230.658 4.102302e+18 3.198359e+12 8.594321e+23 1.156835e+13 1.563377e+15
  14.435  132.62604  230.664 4.164523e+18 3.179142e+12 8.724677e+23 1.177144e+13 1.587373e+15
  14.332  134.64978  230.689 4.227619e+18 3.158553e+12 8.856863e+23 1.197783e+13 1.611710e+15
  14.229  136.73808  230.744 4.292154e+18 3.141602e+12 8.992064e+23 1.219265e+13 1.636482e+15
  14.126  138.82640  230.800 4.356658e+18 3.123344e+12 9.127199e+23 1.240885e+13 1.661164e+15
  14.023  140.92566  230.860 4.421378e+18 3.103297e+12 9.262788e+23 1.262665e+13 1.685931e+15
  13.920  143.11943  230.964 4.488186e+18 3.091526e+12 9.402749e+23 1.283848e+13 1.711499e+15
  13.817  145.31319  231.068 4.554933e+18 3.083821e+12 9.542584e+23 1.304215e+13 1.737062e+15
  13.714  147.50696  231.172 4.621620e+18 3.074503e+12 9.682294e+23 1.324602e+13 1.762639e+15
  13.611  149.79135  231.277 4.691060e+18 3.068958e+12 9.827770e+23 1.346759e+13 1.789271e+15
  13.508  152.09053  231.382 4.760895e+18 3.068541e+12 9.974074e+23 1.370796e+13 1.816064e+15
  13.406  154.38969  231.488 4.830666e+18 3.066731e+12 1.012025e+24 1.394931e+13 1.842837e+15
  13.303  156.75832  231.571 4.903015e+18 3.066189e+12 1.027182e+24 1.420542e+13 1.870445e+15
  13.200  159.16656  231.642 4.976823e+18 3.071630e+12 1.042644e+24 1.450638e+13 1.898602e+15
  13.097  161.57483  231.712 5.050585e+18 3.075836e+12 1.058098e+24 1.480978e+13 1.926741e+15
  12.994  164.03329  231.776 5.126014e+18 3.079836e+12 1.073900e+24 1.512069e+13 1.955517e+15
  12.891  166.55734  231.832 5.203641e+18 3.098783e+12 1.090163e+24 1.544334e+13 1.985078e+15
  12.788  169.08139  231.888 5.281229e+18 3.117953e+12 1.106417e+24 1.576887e+13 2.014676e+15
  12.685  171.63638  231.952 5.359536e+18 3.136751e+12 1.122823e+24 1.609936e+13 2.044548e+15
  12.582  174.28229  232.044 5.440010e+18 3.170352e+12 1.139682e+24 1.649066e+13 2.075248e+15
  12.480  176.92816  232.135 5.520420e+18 3.208270e+12 1.156528e+24 1.690322e+13 2.105691e+15
  12.377  179.58669  232.230 5.601082e+18 3.246072e+12 1.173427e+24 1.732148e+13 2.136458e+15
  12.274  182.35938  232.355 5.684501e+18 3.291161e+12 1.190903e+24 1.779121e+13 2.168278e+15
  12.171  185.13210  232.480 5.767832e+18 3.340146e+12 1.208361e+24 1.829260e+13 2.200063e+15
  12.068  187.90479  232.605 5.851072e+18 3.389100e+12 1.225800e+24 1.880065e+13 2.230634e+15
  11.965  190.80341  232.775 5.936985e+18 3.440369e+12 1.243798e+24 1.939054e+13 2.263387e+15
  11.862  193.70593  232.947 6.022856e+18 3.492514e+12 1.261788e+24 2.006524e+13 2.296125e+15
  11.759  196.60846  233.119 6.108601e+18 3.544654e+12 1.279752e+24 2.075075e+13 2.328814e+15
  11.656  199.62389  233.286 6.197850e+18 3.596310e+12 1.298450e+24 2.141849e+13 2.362838e+15
  11.554  202.65724  233.452 6.287547e+18 3.643611e+12 1.317241e+24 2.202492e+13 2.395174e+15
  11.451  205.69064  233.618 6.377117e+18 3.690704e+12 1.336006e+24 2.263936e+13 2.429294e+15
  11.348  208.82954  233.781 6.469932e+18 3.736988e+12 1.355451e+24 2.321208e+13 2.464651e+15
  11.245  211.99922  233.942 6.563601e+18 3.776709e+12 1.375074e+24 2.362881e+13 2.500333e+15
  11.142  215.16893  234.104 6.657141e+18 3.815945e+12 1.394671e+24 2.404739e+13 2.533113e+15
  11.039  218.44147  234.192 6.755837e+18 3.852393e+12 1.415348e+24 2.475492e+13 2.570668e+15
  10.936  221.75699  234.250 6.856680e+18 3.868548e+12 1.436474e+24 2.653409e+13 2.609040e+15
  10.833  225.07257  234.308 6.957475e+18 3.883460e+12 1.457591e+24 2.835452e+13 2.647393e+15
  10.730  228.49060  234.215 7.065944e+18 3.894528e+12 1.480315e+24 3.036325e+13 2.684898e+15
  10.628  231.96156  234.044 7.178529e+18 3.869589e+12 1.503902e+24 3.304864e+13 2.727677e+15
  10.525  235.43248  233.873 7.291278e+18 3.842009e+12 1.527523e+24 3.580387e+13 2.770520e+15
  10.422  239.00888  233.768 7.405357e+18 3.810928e+12 1.551422e+24 3.863495e+13 2.813867e+15
  10.319  242.64447  233.700 7.520174e+18 3.768406e+12 1.575476e+24 4.153856e+13 2.853501e+15
  10.216  246.28000  233.633 7.635054e+18 3.722812e+12 1.599544e+24 4.451294e+13 2.897092e+15
  10.113  250.02818  233.534 7.754530e+18 3.675072e+12 1.624574e+24 4.842080e+13 2.942427e+15
  10.010  253.83672  233.419 7.876542e+18 3.618277e+12 1.650136e+24 5.720641e+13 2.988724e+15
   9.907  257.64523  233.303 7.998675e+18 3.557985e+12 1.675722e+24 6.624152e+13 3.035067e+15
   9.804  261.57874  233.122 8.127102e+18 3.497337e+12 1.702628e+24 7.550916e+13 3.079105e+15
   9.702  265.56787  232.912 8.258498e+18 3.436295e+12 1.730155e+24 8.474658e+13 3.128887e+15
   9.599  269.55704  232.701 8.390132e+18 3.371608e+12 1.757733e+24 9.424177e+13 3.178759e+15
   9.496  273.68866  232.557 8.524030e+18 3.289994e+12 1.785784e+24 1.046431e+14 3.229489e+15
   9.393  277.86438  232.432 8.658711e+18 3.164541e+12 1.814000e+24 1.171015e+14 3.276696e+15
   9.290  282.04013  232.308 8.793537e+18 3.033617e+12 1.842246e+24 1.298984e+14 3.327718e+15
   9.187  286.37985  232.368 8.926535e+18 2.896067e+12 1.870109e+24 1.433450e+14 3.378048e+15
   9.084  290.74521  232.457 9.059140e+18 2.752034e+12 1.897890e+24 1.577323e+14 3.428230e+15
   8.981  295.11057  232.546 9.191644e+18 2.602496e+12 1.925649e+24 1.724766e+14 3.474047e+15
   8.878  299.66376  232.725 9.326283e+18 2.471908e+12 1.953856e+24 1.870922e+14 3.524935e+15
   8.776  304.21832  232.904 9.460729e+18 2.361330e+12 1.982023e+24 2.014990e+14 3.575750e+15
   8.673  308.80032  233.092 9.595475e+18 2.246669e+12 2.010252e+24 2.162453e+14 3.626678e+15
   8.570  313.54816  233.331 9.733036e+18 2.156633e+12 2.039071e+24 2.412469e+14 3.675860e+15
   8.467  318.29602  233.570 9.870318e+18 2.079013e+12 2.067832e+24 2.724327e+14 3.727707e+15
   8.364  323.10675  233.807 1.000935e+19 1.998739e+12 2.096960e+24 3.044445e+14 3.780217e+15
   8.261  328.05652  234.039 1.015261e+19 1.987214e+12 2.126972e+24 3.202146e+14 3.834319e+15
   8.158  333.00632  234.271 1.029558e+19 1.991237e+12 2.156924e+24 3.322519e+14 3.885299e+15
   8.055  338.06110  234.340 1.044877e+19 1.996577e+12 2.189018e+24 3.448459e+14 3.943110e+15
   7.952  343.22003  234.248 1.061242e+19 2.019570e+12 2.223302e+24 3.637178e+14 4.004866e+15
   7.849  348.37903  234.155 1.077619e+19 2.042331e+12 2.257613e+24 3.830098e+14 4.066671e+15
   7.747  353.69080  233.897 1.095256e+19 2.048317e+12 2.294561e+24 4.389650e+14 4.130571e+15
   7.644  359.06400  233.573 1.113438e+19 1.983581e+12 2.332653e+24 6.309136e+14 4.199143e+15
   7.541  364.43713  233.249 1.131672e+19 1.915707e+12 2.370852e+24 8.289312e+14 4.267906e+15
   7.438  370.01434  233.197 1.149242e+19 1.845467e+12 2.407663e+24 1.090148e+15 4.334171e+15
   7.335  375.60352  233.162 1.166778e+19 1.774564e+12 2.444400e+24 1.432136e+15 4.397935e+15
   7.232  381.23392  233.212 1.184017e+19 1.700258e+12 2.480515e+24 1.783456e+15 4.462914e+15
   7.129  387.03650  233.615 1.199964e+19 1.630271e+12 2.513925e+24 2.136921e+15 4.523023e+15
   7.026  392.83911  234.018 1.215856e+19 1.561779e+12 2.547219e+24 2.496714e+15 4.582926e+15
   6.923  398.73563  234.552 1.231297e+19 1.490385e+12 2.579566e+24 2.864123e+15 4.638757e+15
   6.821  404.74496  235.243 1.246181e+19 1.400689e+12 2.610749e+24 3.091163e+15 4.694831e+15
   6.718  410.75436  235.934 1.260978e+19 1.307583e+12 2.641749e+24 3.315413e+15 4.750578e+15
   6.615  416.91327  236.697 1.275764e+19 1.217369e+12 2.672726e+24 3.551951e+15 4.806283e+15
   6.512  423.12976  237.486 1.290483e+19 1.144079e+12 2.703561e+24 3.820955e+15 4.859566e+15
   6.409  429.34628  238.275 1.305104e+19 1.068717e+12 2.734192e+24 4.094856e+15 4.914625e+15
   6.306  435.77274  239.117 1.319976e+19 1.014588e+12 2.765350e+24 4.395852e+15 4.970630e+15
   6.203  442.20044  239.959 1.334747e+19 9.827250e+11 2.796294e+24 4.724058e+15 5.026250e+15
   6.100  448.68570  240.803 1.349574e+19 9.499456e+11 2.827357e+24 5.058651e+15 5.079943e+15
   5.997  455.32635  241.654 1.364728e+19 9.340640e+11 2.859106e+24 5.464112e+15 5.136987e+15
   5.895  461.96707  242.504 1.379777e+19 9.228370e+11 2.890633e+24 5.895961e+15 5.193631e+15
   5.792  468.72400  243.348 1.395105e+19 9.116804e+11 2.922746e+24 6.339335e+15 5.251329e+15
   5.689  475.57632  244.185 1.410643e+19 9.071510e+11 2.955297e+24 6.833938e+15 5.307619e+15
   5.586  482.42868  245.023 1.426074e+19 9.022307e+11 2.987626e+24 7.337333e+15 5.365680e+15
   5.483  489.45197  245.848 1.441983e+19 8.968122e+11 3.020954e+24 7.886292e+15 5.425536e+15
   5.380  496.51071  246.670 1.457905e+19 8.900809e+11 3.054312e+24 8.515293e+15 5.485446e+15
   5.277  503.59109  247.491 1.473790e+19 8.829633e+11 3.087589e+24 9.155891e+15 5.542983e+15
   5.174  510.85144  248.306 1.490128e+19 8.708160e+11 3.121817e+24 9.890229e+15 5.604430e+15
   5.071  518.11182  249.122 1.506358e+19 8.549024e+11 3.155821e+24 1.068928e+16 5.665476e+15
   4.969  525.45386  249.930 1.522767e+19 8.385393e+11 3.190197e+24 1.150456e+16 5.727189e+15
   4.866  532.92188  250.726 1.539506e+19 8.191706e+11 3.225265e+24 1.240273e+16 5.787763e+15
   4.763  540.38989  251.522 1.556139e+19 7.988089e+11 3.260112e+24 1.332463e+16 5.850296e+15
   4.660  548.00885  252.303 1.573190e+19 7.811491e+11 3.295832e+24 1.429279e+16 5.914397e+15
   4.557  555.69128  253.079 1.590355e+19 7.752928e+11 3.331793e+24 1.538111e+16 5.978929e+15
   4.454  563.38580  253.853 1.607457e+19 7.690964e+11 3.367623e+24 1.648891e+16 6.040614e+15
   4.351  571.28790  254.605 1.625190e+19 7.708308e+11 3.404774e+24 1.770061e+16 6.107252e+15
   4.248  579.19000  255.357 1.642819e+19 7.788100e+11 3.441705e+24 1.899601e+16 6.173497e+15
   4.145  587.19446  256.103 1.660671e+19 7.868868e+11 3.479105e+24 2.031783e+16 6.240582e+15
   4.043  595.31989  256.843 1.678804e+19 7.998088e+11 3.517095e+24 2.163941e+16 6.305854e+15
   3.940  603.44525  257.582 1.696833e+19 8.129808e+11 3.554865e+24 2.298211e+16 6.373574e+15
   3.837  611.77893  258.294 1.715522e+19 8.248247e+11 3.594019e+24 2.425530e+16 6.443772e+15
   3.734  620.12939  259.005 1.734170e+19 8.343306e+11 3.633086e+24 2.541011e+16 6.510659e+15
   3.631  628.58398  259.707 1.753060e+19 8.439648e+11 3.672661e+24 2.658777e+16 6.581579e+15
   3.528  637.15881  260.400 1.772247e+19 8.473547e+11 3.712857e+24 2.788122e+16 6.653612e+15
   3.425  645.75208  261.092 1.791388e+19 8.503575e+11 3.752958e+24 2.919907e+16 6.725475e+15
   3.322  654.54852  261.774 1.811054e+19 8.528514e+11 3.794158e+24 3.064336e+16 6.795700e+15
   3.219  663.34491  262.457 1.830618e+19 8.546976e+11 3.835144e+24 3.217945e+16 6.869109e+15
   3.117  672.31232  263.143 1.850527e+19 8.565316e+11 3.876854e+24 3.382800e+16 6.943815e+15
   3.014  681.32562  263.830 1.870453e+19 8.581748e+11 3.918598e+24 3.570522e+16 7.014561e+15
   2.911  690.46167  264.504 1.890706e+19 8.595863e+11 3.961029e+24 3.766432e+16 7.090515e+15
   2.808  699.68506  265.168 1.911163e+19 8.585131e+11 4.003887e+24 4.013448e+16 7.167234e+15
   2.705  709.00494  265.830 1.931799e+19 8.572972e+11 4.047119e+24 4.265274e+16 7.240135e+15
   2.602  718.43164  266.489 1.952643e+19 8.532178e+11 4.090788e+24 4.582907e+16 7.318256e+15
   2.499  727.95007  267.142 1.973678e+19 8.488630e+11 4.134855e+24 4.908434e+16 7.397091e+15
   2.396  737.57581  267.788 1.994953e+19 8.421585e+11 4.179426e+24 5.292290e+16 7.471756e+15
   2.293  747.30719  268.426 2.016466e+19 8.351827e+11 4.224496e+24 5.688618e+16 7.552332e+15
   2.191  757.12646  269.059 2.038161e+19 8.291143e+11 4.269946e+24 6.146997e+16 7.633584e+15
   2.088  767.08289  269.698 2.060068e+19 8.245883e+11 4.315843e+24 6.619811e+16 7.709714e+15
   1.985  777.09259  270.338 2.082007e+19 8.257505e+11 4.361805e+24 7.119143e+16 7.791819e+15
   1.882  787.27960  270.892 2.104988e+19 8.315013e+11 4.409950e+24 7.626744e+16 7.871154e+15
   1.779  797.53564  271.433 2.128156e+19 8.413593e+11 4.458487e+24 8.140124e+16 7.957785e+15
   1.676  807.89508  271.956 2.151655e+19 8.533931e+11 4.507716e+24 8.674966e+16 8.045653e+15
   1.573  818.39862  272.595 2.174519e+19 8.648365e+11 4.555617e+24 9.183387e+16 8.123718e+15
   1.470  828.99170  273.257 2.197328e+19 8.752820e+11 4.603403e+24 9.643424e+16 8.208932e+15
   1.367  839.68616  273.929 2.220221e+19 8.825034e+11 4.651362e+24 1.005060e+17 8.286433e+15
   1.264  850.50671  274.605 2.243294e+19 8.873566e+11 4.699702e+24 1.044437e+17 8.372551e+15
   1.162  861.44580  275.214 2.267116e+19 8.902121e+11 4.749609e+24 1.085650e+17 8.453292e+15
   1.059  872.49323  275.849 2.290908e+19 8.910280e+11 4.799452e+24 1.131641e+17 8.542003e+15
   0.956  883.65424  276.483 2.314894e+19 8.897074e+11 4.849701e+24 1.181892e+17 8.623768e+15
   0.853  894.93213  277.021 2.339881e+19 8.874571e+11 4.902050e+24 1.234659e+17 8.716855e+15
   0.750  906.32806  277.639 2.364403e+19 8.848705e+11 4.953423e+24 1.287914e+17 8.801371e+15
   0.647  917.84467  278.204 2.389583e+19 8.818551e+11 5.006177e+24 1.344622e+17 8.889485e+15
   0.544  929.48828  278.681 2.415758e+19 8.770507e+11 5.061014e+24 1.404578e+17 8.986858e+15
   0.441  941.24573  279.201 2.441760e+19 8.717379e+11 5.115487e+24 1.458210e+17 9.080215e+15
   0.338  953.15564  279.756 2.467746e+19 8.699466e+11 5.169928e+24 1.501019e+17 9.175797e+15
   0.236  965.21075  280.364 2.493540e+19 8.711210e+11 5.223967e+24 1.559575e+17 9.273052e+15
   0.133  977.38678  281.004 2.519249e+19 8.788883e+11 5.277827e+24 1.639059e+17 9.372459e+15
