  65.328    0.13358  231.830 4.173226e+15 1.648430e+09 8.742908e+20 1.698668e+10 1.557356e+12
  60.328    0.25217  247.888 7.368120e+15 4.753540e+09 1.543621e+21 3.081411e+10 2.749678e+12
  55.328    0.47406  264.024 1.300486e+16 1.372831e+10 2.724518e+21 5.589651e+10 4.853385e+12
  50.328    0.89870  274.987 2.367106e+16 3.949051e+10 4.959086e+21 1.017148e+11 8.834251e+12
  45.328    1.66999  268.797 4.499921e+16 1.203848e+11 9.427334e+21 1.905329e+11 1.679544e+13
  40.328    3.10163  255.349 8.797775e+16 3.738171e+11 1.843134e+22 3.606618e+11 3.284445e+13
  39.828    3.32117  253.278 9.497544e+16 4.930634e+11 1.989735e+22 3.772592e+11 3.546347e+13
  39.332    3.55369  251.663 1.022767e+17 5.439119e+11 2.142697e+22 4.032143e+11 3.819080e+13
  38.836    3.80024  250.463 1.098965e+17 5.900671e+11 2.302332e+22 4.311878e+11 4.103736e+13
  38.341    4.05630  249.376 1.178129e+17 6.386111e+11 2.468180e+22 4.600326e+11 4.399484e+13
  37.845    4.33955  248.611 1.264276e+17 6.873210e+11 2.648659e+22 4.918930e+11 4.721317e+13
  37.349    4.62634  247.845 1.351990e+17 7.356447e+11 2.832419e+22 5.243215e+11 5.049005e+13
  36.853    4.95550  247.074 1.452706e+17 7.895006e+11 3.043419e+22 5.621051e+11 5.425281e+13
  36.358    5.28466  246.302 1.554052e+17 8.422874e+11 3.255740e+22 6.003865e+11 5.803941e+13
  35.862    5.66953  245.375 1.673529e+17 9.034650e+11 3.506043e+22 6.459031e+11 6.250325e+13
  35.366    6.05708  244.440 1.794767e+17 9.638821e+11 3.760036e+22 6.923998e+11 6.703330e+13
  34.870    6.50564  243.311 1.936621e+17 1.032041e+12 4.057220e+22 7.463019e+11 7.233382e+13
  34.375    6.96678  242.124 2.084068e+17 1.099614e+12 4.366123e+22 8.017752e+11 7.784382e+13
  33.879    7.47895  240.697 2.250541e+17 1.168152e+12 4.714883e+22 8.628531e+11 8.406516e+13
  33.383    8.02079  239.356 2.427107e+17 1.235526e+12 5.084790e+22 9.266428e+11 9.066417e+13
  32.887    8.60123  238.128 2.616180e+17 1.290617e+12 5.480897e+22 9.920281e+11 9.773174e+13
  32.392    9.23693  237.070 2.822068e+17 1.344033e+12 5.912231e+22 1.060787e+12 1.054284e+14
  31.896    9.90035  236.083 3.037403e+17 1.385873e+12 6.363359e+22 1.125675e+12 1.134795e+14
  31.400   10.62958  235.178 3.273686e+17 1.433457e+12 6.858372e+22 1.198352e+12 1.223152e+14
  30.904   11.40291  234.258 3.525643e+17 1.482586e+12 7.386223e+22 1.276371e+12 1.317382e+14
  30.409   12.21525  233.325 3.791900e+17 1.532639e+12 7.944030e+22 1.363363e+12 1.416984e+14
  29.913   13.12658  232.240 4.093843e+17 1.588677e+12 8.576601e+22 1.462166e+12 1.529950e+14
  29.417   14.10124  231.193 4.417737e+17 1.644512e+12 9.255159e+22 1.567676e+12 1.651151e+14
  28.921   15.15020  230.216 4.766510e+17 1.711654e+12 9.985840e+22 1.678988e+12 1.781708e+14
  28.426   16.31409  229.454 5.149722e+17 1.794665e+12 1.078867e+23 1.800889e+12 1.925187e+14
  27.930   17.60023  228.902 5.569111e+17 1.896298e+12 1.166729e+23 1.934089e+12 2.082266e+14
  27.434   18.99428  228.472 6.021520e+17 2.017493e+12 1.261508e+23 2.077281e+12 2.251770e+14
  26.938   20.49320  228.027 6.509380e+17 2.152425e+12 1.363715e+23 2.226521e+12 2.434662e+14
  26.443   22.09042  227.499 7.033023e+17 2.279156e+12 1.473418e+23 2.379692e+12 2.631054e+14
  25.947   23.79016  227.047 7.589255e+17 2.420033e+12 1.589949e+23 2.541004e+12 2.839797e+14
  25.451   25.61383  226.535 8.189465e+17 2.597839e+12 1.715693e+23 2.711714e+12 3.065152e+14
  24.955   27.57652  226.154 8.831862e+17 2.789326e+12 1.850275e+23 2.887483e+12 3.306541e+14
  24.460   29.68079  225.972 9.513453e+17 2.946711e+12 1.993068e+23 3.067911e+12 3.562868e+14
  23.964   31.93940  225.739 1.024795e+18 3.080944e+12 2.146945e+23 3.259005e+12 3.839396e+14
  23.468   34.37171  225.691 1.103072e+18 3.279911e+12 2.310937e+23 3.447869e+12 4.134386e+14
  22.972   37.00201  225.896 1.186405e+18 3.562792e+12 2.485520e+23 3.632837e+12 4.448759e+14
  22.477   39.85634  226.270 1.275814e+18 3.845207e+12 2.672830e+23 3.838293e+12 4.786804e+14
  21.981   42.95891  226.589 1.373193e+18 4.038720e+12 2.876839e+23 4.048957e+12 5.155437e+14
  21.485   46.32603  226.659 1.480365e+18 4.082334e+12 3.101364e+23 4.280592e+12 5.561680e+14
  20.989   49.97779  226.791 1.596125e+18 4.023186e+12 3.343882e+23 4.546564e+12 6.001587e+14
  20.494   53.88330  226.912 1.719940e+18 4.007920e+12 3.603274e+23 4.839109e+12 6.472918e+14
  20.194   56.34367  227.013 1.797674e+18 3.944689e+12 3.766128e+23 5.032078e+12 6.770625e+14
  20.091   57.23608  227.082 1.825592e+18 3.875644e+12 3.824615e+23 5.102236e+12 6.878534e+14
  19.988   58.12848  227.151 1.853493e+18 3.863264e+12 3.883068e+23 5.177396e+12 6.985149e+14
  19.886   59.02087  227.220 1.881376e+18 3.848692e+12 3.941483e+23 5.252423e+12 7.091745e+14
  19.783   59.92147  227.292 1.909476e+18 3.832400e+12 4.000353e+23 5.327969e+12 7.199201e+14
  19.680   60.86555  227.382 1.938792e+18 3.820127e+12 4.061770e+23 5.408408e+12 7.311350e+14
  19.577   61.80966  227.473 1.968086e+18 3.807662e+12 4.123140e+23 5.489578e+12 7.423495e+14
  19.474   62.75375  227.563 1.997356e+18 3.793064e+12 4.184461e+23 5.570666e+12 7.535599e+14
  19.371   63.71429  227.647 2.027178e+18 3.777408e+12 4.246938e+23 5.653277e+12 7.649839e+14
  19.268   64.71325  227.717 2.058324e+18 3.763404e+12 4.312188e+23 5.739903e+12 7.769205e+14
  19.165   65.71221  227.788 2.089450e+18 3.747534e+12 4.377398e+23 5.826555e+12 7.888509e+14
  19.062   66.71120  227.858 2.120558e+18 3.729462e+12 4.442570e+23 5.913150e+12 8.007703e+14
  18.960   67.73991  227.917 2.152708e+18 3.711037e+12 4.509923e+23 6.002639e+12 8.130882e+14
  18.857   68.79647  227.964 2.185836e+18 3.693118e+12 4.579326e+23 6.094461e+12 8.257914e+14
  18.754   69.85301  228.010 2.218950e+18 3.672901e+12 4.648700e+23 6.186228e+12 8.384952e+14
  18.651   70.90958  228.057 2.252051e+18 3.650389e+12 4.718046e+23 6.277941e+12 8.511997e+14
  18.548   72.01464  228.111 2.286603e+18 3.631874e+12 4.790433e+23 6.374018e+12 8.644560e+14
  18.445   73.13169  228.167 2.321500e+18 3.620944e+12 4.863542e+23 6.471833e+12 8.778556e+14
  18.342   74.24876  228.224 2.356380e+18 3.607994e+12 4.936616e+23 6.569617e+12 8.912553e+14
  18.239   75.37543  228.276 2.391584e+18 3.593535e+12 5.010369e+23 6.668321e+12 9.047836e+14
  18.136   76.55728  228.309 2.428735e+18 3.574472e+12 5.088200e+23 6.777919e+12 9.190630e+14
  18.033   77.73911  228.342 2.465874e+18 3.550100e+12 5.166006e+23 6.890667e+12 9.333403e+14
  17.931   78.92094  228.375 2.503003e+18 3.523331e+12 5.243791e+23 7.003659e+12 9.476144e+14
  17.828   80.14092  228.395 2.541463e+18 3.494370e+12 5.324365e+23 7.120699e+12 9.624000e+14
  17.725   81.39172  228.407 2.581003e+18 3.434419e+12 5.407201e+23 7.241807e+12 9.776137e+14
  17.622   82.64253  228.418 2.620538e+18 3.370961e+12 5.490028e+23 7.363220e+12 9.928334e+14
  17.519   83.89404  228.429 2.660091e+18 3.304024e+12 5.572890e+23 7.484997e+12 1.008044e+15
  17.416   85.21736  228.458 2.701703e+18 3.243496e+12 5.660069e+23 7.609010e+12 1.024030e+15
  17.313   86.54073  228.488 2.743307e+18 3.186769e+12 5.747227e+23 7.729419e+12 1.040025e+15
  17.210   87.86406  228.517 2.784898e+18 3.126791e+12 5.834361e+23 7.849893e+12 1.056023e+15
  17.107   89.22576  228.581 2.827270e+18 3.064967e+12 5.923130e+23 7.972659e+12 1.072323e+15
  17.005   90.62400  228.677 2.870365e+18 3.045941e+12 6.013414e+23 8.097036e+12 1.088930e+15
  16.902   92.02224  228.774 2.913423e+18 3.024903e+12 6.103621e+23 8.221395e+12 1.105535e+15
  16.799   93.42428  228.873 2.956525e+18 3.001936e+12 6.193919e+23 8.345962e+12 1.122165e+15
  16.696   94.89777  229.033 3.001064e+18 2.992740e+12 6.287230e+23 8.473579e+12 1.139357e+15
  16.593   96.37124  229.192 3.045542e+18 2.993749e+12 6.380412e+23 8.600167e+12 1.156539e+15
  16.490   97.84476  229.351 3.089960e+18 2.993432e+12 6.473465e+23 8.726611e+12 1.173613e+15
  16.387   99.36324  229.523 3.135572e+18 2.994209e+12 6.569023e+23 8.856195e+12 1.191148e+15
  16.284  100.90993  229.702 3.181902e+18 3.003912e+12 6.666084e+23 8.985768e+12 1.208971e+15
  16.181  102.45662  229.880 3.228160e+18 3.012541e+12 6.762994e+23 9.115098e+12 1.226773e+15
  16.079  104.01793  230.042 3.275048e+18 3.020748e+12 6.861225e+23 9.246171e+12 1.244826e+15
  15.976  105.64003  230.134 3.324798e+18 3.034223e+12 6.965453e+23 9.384628e+12 1.263990e+15
  15.873  107.26212  230.225 3.374509e+18 3.048337e+12 7.069597e+23 9.522618e+12 1.283151e+15
  15.770  108.88419  230.316 3.424180e+18 3.061495e+12 7.173658e+23 9.660427e+12 1.302304e+15
  15.667  110.57034  230.354 3.476637e+18 3.076702e+12 7.283554e+23 9.805008e+12 1.322528e+15
  15.564  112.27386  230.377 3.529845e+18 3.092884e+12 7.395026e+23 9.949040e+12 1.343098e+15
  15.461  113.97739  230.400 3.583043e+18 3.108126e+12 7.506474e+23 1.009286e+13 1.363678e+15
  15.358  115.71579  230.439 3.637090e+18 3.123166e+12 7.619704e+23 1.023889e+13 1.384592e+15
  15.255  117.50690  230.499 3.692411e+18 3.142241e+12 7.735602e+23 1.039128e+13 1.406017e+15
  15.153  119.29799  230.560 3.747704e+18 3.160888e+12 7.851439e+23 1.054382e+13 1.427322e+15
  15.050  121.09235  230.621 3.803077e+18 3.178765e+12 7.967447e+23 1.069650e+13 1.448514e+15
  14.947  122.97695  230.667 3.861484e+18 3.195576e+12 8.089810e+23 1.085928e+13 1.470868e+15
  14.844  124.86154  230.714 3.919866e+18 3.208978e+12 8.212120e+23 1.102340e+13 1.493218e+15
  14.741  126.74615  230.761 3.978226e+18 3.221322e+12 8.334383e+23 1.118747e+13 1.515568e+15
  14.638  128.69991  230.785 4.039134e+18 3.230103e+12 8.461986e+23 1.136405e+13 1.539035e+15
  14.535  130.68335  230.798 4.101137e+18 3.219976e+12 8.591882e+23 1.156568e+13 1.562939e+15
  14.432  132.66678  230.812 4.163132e+18 3.208037e+12 8.721761e+23 1.176811e+13 1.586848e+15
  14.329  134.69098  230.835 4.226233e+18 3.195129e+12 8.853957e+23 1.197449e+13 1.611187e+15
  14.227  136.77747  230.872 4.291017e+18 3.173318e+12 8.989681e+23 1.218530e+13 1.636050e+15
  14.124  138.86392  230.909 4.355780e+18 3.148373e+12 9.125359e+23 1.239673e+13 1.660831e+15
  14.021  140.96332  230.948 4.420875e+18 3.121498e+12 9.261734e+23 1.260992e+13 1.685741e+15
  13.918  143.15523  231.007 4.488468e+18 3.103507e+12 9.403341e+23 1.283950e+13 1.711609e+15
  13.815  145.34712  231.066 4.556025e+18 3.089269e+12 9.544874e+23 1.307528e+13 1.737481e+15
  13.712  147.53905  231.126 4.623549e+18 3.073200e+12 9.686336e+23 1.331221e+13 1.763377e+15
  13.609  149.82356  231.191 4.693813e+18 3.063062e+12 9.833539e+23 1.355664e+13 1.790324e+15
  13.506  152.12120  231.257 4.764431e+18 3.061467e+12 9.981483e+23 1.380048e+13 1.817415e+15
  13.403  154.41882  231.324 4.835008e+18 3.058434e+12 1.012934e+24 1.404539e+13 1.844495e+15
  13.300  156.78783  231.399 4.907572e+18 3.057084e+12 1.028136e+24 1.429213e+13 1.872183e+15
  13.198  159.19505  231.481 4.981173e+18 3.065554e+12 1.043556e+24 1.451363e+13 1.900261e+15
  13.095  161.60223  231.562 5.054721e+18 3.072888e+12 1.058964e+24 1.473520e+13 1.928319e+15
  12.992  164.06151  231.658 5.129521e+18 3.079870e+12 1.074635e+24 1.496062e+13 1.956854e+15
  12.889  166.58502  231.772 5.205858e+18 3.098549e+12 1.090627e+24 1.521941e+13 1.985923e+15
  12.786  169.10855  231.886 5.282120e+18 3.117058e+12 1.106604e+24 1.548066e+13 2.015016e+15
  12.683  171.66484  232.005 5.359208e+18 3.135273e+12 1.122754e+24 1.574543e+13 2.044423e+15
  12.580  174.31081  232.139 5.438673e+18 3.162290e+12 1.139402e+24 1.608229e+13 2.074738e+15
  12.477  176.95673  232.273 5.518046e+18 3.191201e+12 1.156031e+24 1.644152e+13 2.104786e+15
  12.374  179.61719  232.406 5.597810e+18 3.219842e+12 1.172741e+24 1.680550e+13 2.135211e+15
  12.272  182.39044  232.528 5.681236e+18 3.254902e+12 1.190219e+24 1.725100e+13 2.167032e+15
  12.169  185.16373  232.651 5.764575e+18 3.292609e+12 1.207678e+24 1.774462e+13 2.198821e+15
  12.066  187.93701  232.774 5.847825e+18 3.329976e+12 1.225119e+24 1.824492e+13 2.229396e+15
  11.963  190.83879  232.897 5.934983e+18 3.374120e+12 1.243379e+24 1.880955e+13 2.262624e+15
  11.860  193.74240  233.020 6.022106e+18 3.423291e+12 1.261631e+24 1.943106e+13 2.295839e+15
  11.757  196.64606  233.143 6.109138e+18 3.472400e+12 1.279864e+24 2.006225e+13 2.329018e+15
  11.654  199.66527  233.290 6.199032e+18 3.524452e+12 1.298697e+24 2.068900e+13 2.363289e+15
  11.551  202.70015  233.440 6.289212e+18 3.578884e+12 1.317590e+24 2.128676e+13 2.395808e+15
  11.448  205.73500  233.590 6.379276e+18 3.633340e+12 1.336458e+24 2.189262e+13 2.430117e+15
  11.346  208.87827  233.722 6.473061e+18 3.686074e+12 1.356106e+24 2.257027e+13 2.465843e+15
  11.243  212.04951  233.851 6.567733e+18 3.729755e+12 1.375940e+24 2.338345e+13 2.501907e+15
  11.140  215.22072  233.979 6.662299e+18 3.773081e+12 1.395752e+24 2.421017e+13 2.535076e+15
  11.037  218.49782  234.024 6.762430e+18 3.813794e+12 1.416729e+24 2.517117e+13 2.573177e+15
  10.934  221.81430  234.039 6.864645e+18 3.836488e+12 1.438143e+24 2.649962e+13 2.612071e+15
  10.831  225.13084  234.054 6.966850e+18 3.858135e+12 1.459555e+24 2.785626e+13 2.650961e+15
  10.728  228.55280  234.064 7.072443e+18 3.875033e+12 1.481677e+24 2.928474e+13 2.687367e+15
  10.625  232.02325  234.071 7.179594e+18 3.866617e+12 1.504125e+24 3.088226e+13 2.728082e+15
  10.522  235.49377  234.079 7.286737e+18 3.856193e+12 1.526571e+24 3.251421e+13 2.768794e+15
  10.420  239.07228  234.023 7.399242e+18 3.841184e+12 1.550141e+24 3.477899e+13 2.811544e+15
  10.317  242.70480  233.935 7.514502e+18 3.798090e+12 1.574288e+24 4.001878e+13 2.851349e+15
  10.214  246.33728  233.847 7.629845e+18 3.751879e+12 1.598453e+24 4.540324e+13 2.895116e+15
  10.111  250.08405  233.670 7.751742e+18 3.701304e+12 1.623990e+24 5.070817e+13 2.941369e+15
  10.008  253.88560  233.452 7.876946e+18 3.628160e+12 1.650220e+24 5.491231e+13 2.988877e+15
   9.905  257.68713  233.233 8.002384e+18 3.550896e+12 1.676499e+24 5.922575e+13 3.036474e+15
   9.802  261.61505  233.131 8.127913e+18 3.471391e+12 1.702798e+24 6.180732e+13 3.079412e+15
   9.699  265.59381  233.076 8.253466e+18 3.395052e+12 1.729101e+24 5.752932e+13 3.126980e+15
   9.596  269.57260  233.022 8.379079e+18 3.314785e+12 1.755417e+24 5.309254e+13 3.174571e+15
   9.494  273.69577  233.050 8.506197e+18 3.232628e+12 1.782048e+24 4.884434e+13 3.222732e+15
   9.391  277.86002  233.102 8.633680e+18 3.150589e+12 1.808756e+24 4.534037e+13 3.267224e+15
   9.288  282.02429  233.155 8.761105e+18 3.064677e+12 1.835452e+24 4.171104e+13 3.315445e+15
   9.185  286.35608  233.290 8.890523e+18 2.977579e+12 1.862565e+24 4.014112e+13 3.364420e+15
   9.082  290.71222  233.437 9.020080e+18 2.890081e+12 1.889707e+24 4.222012e+13 3.413448e+15
   8.979  295.06839  233.584 9.149474e+18 2.798774e+12 1.916815e+24 4.434124e+13 3.458108e+15
   8.876  299.61975  233.732 9.284737e+18 2.728121e+12 1.945152e+24 5.322561e+13 3.509232e+15
   8.773  304.17184  233.879 9.419850e+18 2.677546e+12 1.973459e+24 6.924145e+13 3.560299e+15
   8.670  308.75336  234.003 9.556693e+18 2.624857e+12 2.002127e+24 8.571002e+13 3.612020e+15
   8.567  313.50760  233.984 9.704617e+18 2.594962e+12 2.033117e+24 1.089243e+14 3.665127e+15
   8.465  318.26178  233.966 9.852562e+18 2.575449e+12 2.064112e+24 1.362536e+14 3.721001e+15
   8.362  323.08331  233.886 1.000521e+19 2.555364e+12 2.096092e+24 1.644307e+14 3.778653e+15
   8.259  328.04773  233.678 1.016800e+19 2.513727e+12 2.130195e+24 1.808262e+14 3.840131e+15
   8.156  333.01215  233.470 1.033107e+19 2.464547e+12 2.164359e+24 1.948262e+14 3.898692e+15
   8.053  338.08923  233.186 1.050136e+19 2.413354e+12 2.200036e+24 2.098780e+14 3.962957e+15
   7.950  343.26990  232.832 1.067851e+19 2.320082e+12 2.237148e+24 2.521718e+14 4.029807e+15
   7.847  348.45050  232.477 1.085620e+19 2.222475e+12 2.274373e+24 2.957662e+14 4.096861e+15
   7.744  353.79453  232.005 1.104514e+19 2.117890e+12 2.313957e+24 3.957644e+14 4.165487e+15
   7.641  359.19424  231.492 1.123856e+19 1.994571e+12 2.354478e+24 6.703315e+14 4.238430e+15
   7.539  364.59399  230.979 1.143284e+19 1.865871e+12 2.395179e+24 9.541826e+14 4.311699e+15
   7.436  370.20966  231.149 1.160039e+19 1.701215e+12 2.430282e+24 1.291809e+15 4.374890e+15
   7.333  375.82700  231.324 1.176749e+19 1.503310e+12 2.465289e+24 1.688285e+15 4.435518e+15
   7.230  381.49829  231.652 1.192816e+19 1.298390e+12 2.498949e+24 2.094362e+15 4.496079e+15
   7.127  387.32605  232.422 1.207023e+19 1.164395e+12 2.528713e+24 2.314030e+15 4.549631e+15
   7.024  393.15387  233.193 1.221137e+19 1.052437e+12 2.558282e+24 2.475246e+15 4.602831e+15
   6.921  399.08688  234.013 1.235220e+19 9.400669e+11 2.587787e+24 2.642318e+15 4.653539e+15
   6.818  405.11282  234.877 1.249258e+19 9.040729e+11 2.617195e+24 2.901221e+15 4.706423e+15
   6.715  411.13870  235.741 1.263192e+19 8.669594e+11 2.646388e+24 3.165008e+15 4.758919e+15
   6.613  417.32352  236.633 1.277363e+19 8.348067e+11 2.676075e+24 3.453812e+15 4.812305e+15
   6.510  423.54593  237.531 1.291507e+19 8.149799e+11 2.705706e+24 3.791900e+15 4.863422e+15
   6.407  429.78546  238.430 1.305595e+19 7.944826e+11 2.735221e+24 4.136378e+15 4.916473e+15
   6.304  436.20938  239.330 1.320125e+19 7.770208e+11 2.765661e+24 4.541373e+15 4.971188e+15
   6.201  442.63324  240.230 1.334545e+19 7.613646e+11 2.795872e+24 4.991495e+15 5.025492e+15
   6.098  449.13110  241.116 1.349162e+19 7.452947e+11 2.826494e+24 5.451065e+15 5.078392e+15
   5.995  455.75967  241.976 1.364207e+19 7.389731e+11 2.858013e+24 5.982237e+15 5.135023e+15
   5.892  462.38824  242.836 1.379145e+19 7.339041e+11 2.889308e+24 6.533187e+15 5.191252e+15
   5.789  469.14798  243.702 1.394337e+19 7.296985e+11 2.921136e+24 7.106227e+15 5.248438e+15
   5.687  475.98227  244.570 1.409626e+19 7.317137e+11 2.953166e+24 7.755902e+15 5.303790e+15
   5.584  482.81653  245.439 1.424806e+19 7.335434e+11 2.984968e+24 8.417336e+15 5.360906e+15
   5.481  489.83646  246.300 1.440468e+19 7.366668e+11 3.017782e+24 9.106366e+15 5.419838e+15
   5.378  496.87442  247.160 1.456079e+19 7.413567e+11 3.050486e+24 9.825705e+15 5.478575e+15
   5.275  503.94958  248.017 1.471711e+19 7.459868e+11 3.083235e+24 1.055850e+16 5.535166e+15
   5.172  511.18930  248.858 1.487810e+19 7.514444e+11 3.116961e+24 1.125936e+16 5.595713e+15
   5.069  518.42896  249.699 1.503799e+19 7.570978e+11 3.150458e+24 1.194927e+16 5.655849e+15
   4.966  525.76532  250.527 1.520037e+19 7.628248e+11 3.184478e+24 1.265336e+16 5.716923e+15
   4.863  533.21271  251.341 1.536578e+19 7.683879e+11 3.219132e+24 1.342107e+16 5.776757e+15
   4.761  540.66022  252.154 1.553013e+19 7.738294e+11 3.253561e+24 1.420317e+16 5.838542e+15
   4.658  548.27228  252.963 1.569844e+19 7.794020e+11 3.288824e+24 1.503975e+16 5.901820e+15
   4.555  555.93353  253.770 1.586719e+19 7.849153e+11 3.324176e+24 1.599300e+16 5.965260e+15
   4.452  563.62018  254.573 1.603583e+19 7.903627e+11 3.359506e+24 1.696297e+16 6.026053e+15
   4.349  571.49976  255.346 1.621076e+19 7.980048e+11 3.396155e+24 1.801297e+16 6.091792e+15
   4.246  579.37933  256.120 1.638464e+19 8.068009e+11 3.432583e+24 1.911586e+16 6.157133e+15
   4.143  587.37256  256.875 1.656184e+19 8.158005e+11 3.469705e+24 2.024209e+16 6.223721e+15
   4.040  595.47314  257.613 1.674212e+19 8.274265e+11 3.507474e+24 2.139081e+16 6.288604e+15
   3.937  603.57367  258.352 1.692137e+19 8.390604e+11 3.545026e+24 2.255815e+16 6.355933e+15
   3.835  611.89099  259.063 1.710748e+19 8.488970e+11 3.584018e+24 2.384881e+16 6.425841e+15
   3.732  620.21381  259.773 1.729278e+19 8.562533e+11 3.622838e+24 2.526578e+16 6.492294e+15
   3.629  628.64966  260.470 1.748106e+19 8.636379e+11 3.662283e+24 2.671436e+16 6.562981e+15
   3.526  637.19507  261.155 1.767221e+19 8.614367e+11 3.702327e+24 2.846376e+16 6.634742e+15
   3.423  645.76709  261.839 1.786318e+19 8.589757e+11 3.742337e+24 3.024442e+16 6.706441e+15
   3.320  654.53345  262.512 1.805924e+19 8.505242e+11 3.783411e+24 3.228449e+16 6.776450e+15
   3.217  663.29987  263.185 1.825430e+19 8.379502e+11 3.824276e+24 3.449477e+16 6.849642e+15
   3.114  672.24487  263.872 1.845235e+19 8.249823e+11 3.865767e+24 3.678422e+16 6.923957e+15
   3.011  681.22900  264.561 1.865024e+19 8.113998e+11 3.907224e+24 3.918617e+16 6.994201e+15
   2.909  690.34296  265.196 1.885445e+19 7.981259e+11 3.950008e+24 4.174253e+16 7.070787e+15
   2.806  699.53979  265.798 1.906240e+19 7.887162e+11 3.993573e+24 4.514706e+16 7.148770e+15
   2.703  708.83936  266.378 1.927374e+19 7.790467e+11 4.037849e+24 4.862442e+16 7.223551e+15
   2.600  718.24323  266.936 1.948858e+19 7.768148e+11 4.082858e+24 5.323140e+16 7.304070e+15
   2.497  727.74451  267.515 1.970366e+19 7.743786e+11 4.127916e+24 5.793240e+16 7.384677e+15
   2.394  737.35138  268.117 1.991900e+19 7.801609e+11 4.173031e+24 6.245503e+16 7.460324e+15
   2.291  747.06995  268.682 2.013903e+19 7.865354e+11 4.219127e+24 6.702279e+16 7.542732e+15
   2.188  756.87500  269.221 2.036253e+19 7.973797e+11 4.265950e+24 7.095468e+16 7.626440e+15
   2.085  766.82367  269.716 2.059231e+19 8.086271e+11 4.314089e+24 7.492338e+16 7.706581e+15
   1.982  776.82690  270.200 2.082362e+19 8.203237e+11 4.362549e+24 7.879630e+16 7.793149e+15
   1.880  787.00928  270.765 2.105254e+19 8.325083e+11 4.410506e+24 8.270060e+16 7.872147e+15
   1.777  797.26581  271.325 2.128288e+19 8.452846e+11 4.458764e+24 8.665324e+16 7.958280e+15
   1.674  807.62579  271.877 2.151561e+19 8.624882e+11 4.507520e+24 9.026558e+16 8.045303e+15
   1.571  818.13727  272.368 2.175641e+19 8.814483e+11 4.557967e+24 9.349167e+16 8.127910e+15
   1.468  828.74109  272.883 2.199676e+19 9.019169e+11 4.608322e+24 9.609382e+16 8.217703e+15
   1.365  839.44928  273.440 2.223561e+19 9.192612e+11 4.658360e+24 9.856425e+16 8.298901e+15
   1.262  850.28369  274.031 2.247399e+19 9.333466e+11 4.708301e+24 1.013126e+17 8.387870e+15
   1.159  861.24243  274.688 2.270921e+19 9.437757e+11 4.757580e+24 1.044506e+17 8.467479e+15
   1.056  872.31030  275.326 2.294774e+19 9.510953e+11 4.807552e+24 1.079168e+17 8.556419e+15
   0.954  883.49084  276.022 2.318326e+19 9.559458e+11 4.856893e+24 1.111172e+17 8.636556e+15
   0.851  894.78522  276.735 2.341913e+19 9.583873e+11 4.906307e+24 1.140307e+17 8.724424e+15
   0.748  906.19244  277.436 2.365784e+19 9.586889e+11 4.956316e+24 1.174409e+17 8.806512e+15
   0.645  917.71686  278.149 2.389723e+19 9.570925e+11 5.006469e+24 1.210048e+17 8.890002e+15
   0.542  929.35846  278.787 2.414501e+19 9.549385e+11 5.058380e+24 1.250597e+17 8.982181e+15
   0.439  941.11188  279.423 2.439471e+19 9.509441e+11 5.110692e+24 1.296745e+17 9.071702e+15
   0.336  953.01099  280.067 2.464638e+19 9.439237e+11 5.163418e+24 1.356097e+17 9.164237e+15
   0.233  965.05963  280.670 2.490433e+19 9.281116e+11 5.217457e+24 1.455859e+17 9.261468e+15
   0.130  977.22632  281.326 2.515947e+19 8.789534e+11 5.270909e+24 1.553435e+17 9.360104e+15
