  65.327    0.13349  231.624 4.174404e+15 1.653137e+09 8.745377e+20 1.698664e+10 1.557796e+12
  60.327    0.25206  247.926 7.363765e+15 4.767987e+09 1.542709e+21 3.079800e+10 2.748052e+12
  55.327    0.47393  263.576 1.302356e+16 1.376557e+10 2.728435e+21 5.597899e+10 4.860364e+12
  50.327    0.89858  275.153 2.365367e+16 3.960347e+10 4.955444e+21 1.016733e+11 8.827762e+12
  45.327    1.67000  268.721 4.501231e+16 1.205779e+11 9.430078e+21 1.908757e+11 1.680033e+13
  40.327    3.10144  255.261 8.800272e+16 3.738549e+11 1.843657e+22 3.610423e+11 3.285377e+13
  39.827    3.32093  253.151 9.501622e+16 4.944363e+11 1.990590e+22 3.778079e+11 3.547870e+13
  39.331    3.55338  251.533 1.023207e+17 5.456929e+11 2.143620e+22 4.036159e+11 3.820723e+13
  38.836    3.79993  250.367 1.099299e+17 5.919079e+11 2.303031e+22 4.314852e+11 4.104980e+13
  38.340    4.05596  249.339 1.178202e+17 6.404319e+11 2.468334e+22 4.601558e+11 4.399757e+13
  37.844    4.33926  248.710 1.263685e+17 6.889896e+11 2.647420e+22 4.917453e+11 4.719107e+13
  37.348    4.62606  248.065 1.350709e+17 7.371771e+11 2.829736e+22 5.239182e+11 5.044221e+13
  36.853    4.95533  247.221 1.451793e+17 7.915209e+11 3.041506e+22 5.617962e+11 5.421872e+13
  36.357    5.28461  246.376 1.553570e+17 8.448512e+11 3.254729e+22 6.001402e+11 5.802139e+13
  35.861    5.66963  245.369 1.673600e+17 9.068272e+11 3.506191e+22 6.458219e+11 6.250590e+13
  35.365    6.05738  244.350 1.795518e+17 9.683002e+11 3.761610e+22 6.926034e+11 6.706136e+13
  34.870    6.50609  243.052 1.938819e+17 1.037651e+12 4.061827e+22 7.471140e+11 7.241594e+13
  34.374    6.96744  241.762 2.087384e+17 1.105912e+12 4.373069e+22 8.030996e+11 7.796767e+13
  33.878    7.47962  240.502 2.252572e+17 1.174549e+12 4.719138e+22 8.635206e+11 8.414103e+13
  33.382    8.02148  239.357 2.427307e+17 1.242190e+12 5.085208e+22 9.263077e+11 9.067163e+13
  32.887    8.60175  238.363 2.613750e+17 1.299528e+12 5.475806e+22 9.918857e+11 9.764096e+13
  32.391    9.23721  237.336 2.818998e+17 1.356218e+12 5.905802e+22 1.061887e+12 1.053138e+14
  31.895    9.90031  236.298 3.034630e+17 1.399840e+12 6.357550e+22 1.128543e+12 1.133759e+14
  31.399   10.62924  235.273 3.272245e+17 1.446840e+12 6.855354e+22 1.201315e+12 1.222614e+14
  30.904   11.40229  234.236 3.525776e+17 1.493148e+12 7.386501e+22 1.277873e+12 1.317431e+14
  30.408   12.21435  233.187 3.793865e+17 1.541201e+12 7.948147e+22 1.363921e+12 1.417718e+14
  29.912   13.12569  232.169 4.094823e+17 1.595810e+12 8.578654e+22 1.461733e+12 1.530316e+14
  29.416   14.10036  231.174 4.417813e+17 1.652351e+12 9.255318e+22 1.567493e+12 1.651179e+14
  28.921   15.14950  230.234 4.765916e+17 1.719144e+12 9.984594e+22 1.679004e+12 1.781485e+14
  28.425   16.31386  229.481 5.149044e+17 1.804776e+12 1.078725e+23 1.801674e+12 1.924933e+14
  27.929   17.60065  228.870 5.570017e+17 1.912547e+12 1.166919e+23 1.936459e+12 2.082605e+14
  27.433   18.99548  228.290 6.026719e+17 2.042308e+12 1.262598e+23 2.081879e+12 2.253715e+14
  26.938   20.49512  227.828 6.515683e+17 2.172739e+12 1.365036e+23 2.229018e+12 2.437020e+14
  26.442   22.09285  227.504 7.033630e+17 2.295768e+12 1.473546e+23 2.380966e+12 2.631282e+14
  25.946   23.79278  227.051 7.589927e+17 2.440837e+12 1.590090e+23 2.543347e+12 2.840049e+14
  25.450   25.61611  226.641 8.186364e+17 2.620546e+12 1.715043e+23 2.712206e+12 3.063993e+14
  24.955   27.57838  226.362 8.824340e+17 2.807617e+12 1.848699e+23 2.885352e+12 3.303726e+14
  24.459   29.68217  225.881 9.517711e+17 2.964494e+12 1.993961e+23 3.068528e+12 3.564464e+14
  23.963   31.94047  225.579 1.025556e+18 3.107012e+12 2.148540e+23 3.256408e+12 3.842248e+14
  23.467   34.37283  225.573 1.103687e+18 3.326247e+12 2.312224e+23 3.438075e+12 4.136689e+14
  22.972   37.00363  225.883 1.186525e+18 3.620753e+12 2.485771e+23 3.621028e+12 4.449210e+14
  22.476   39.85904  226.288 1.275798e+18 3.890927e+12 2.672796e+23 3.827653e+12 4.786746e+14
  21.980   42.96322  226.534 1.373664e+18 4.062646e+12 2.877827e+23 4.039102e+12 5.157210e+14
  21.484   46.33239  226.674 1.480472e+18 4.080489e+12 3.101589e+23 4.277828e+12 5.562091e+14
  20.989   49.98674  226.697 1.597078e+18 4.017319e+12 3.345877e+23 4.546390e+12 6.005179e+14
  20.493   53.89386  226.859 1.720677e+18 4.002543e+12 3.604819e+23 4.837186e+12 6.475707e+14
  20.194   56.35519  227.045 1.797789e+18 3.935443e+12 3.766368e+23 5.028993e+12 6.771075e+14
  20.091   57.24756  227.133 1.825548e+18 3.866411e+12 3.824524e+23 5.099053e+12 6.878388e+14
  19.988   58.13994  227.221 1.853286e+18 3.856299e+12 3.882634e+23 5.174335e+12 6.984389e+14
  19.885   59.03234  227.309 1.881003e+18 3.844081e+12 3.940701e+23 5.249494e+12 7.090357e+14
  19.782   59.93354  227.396 1.908987e+18 3.830342e+12 3.999328e+23 5.325333e+12 7.197377e+14
  19.679   60.87751  227.479 1.938351e+18 3.819903e+12 4.060846e+23 5.406312e+12 7.309707e+14
  19.576   61.82146  227.561 1.967693e+18 3.808644e+12 4.122318e+23 5.487878e+12 7.422034e+14
  19.473   62.76540  227.644 1.997014e+18 3.795285e+12 4.183745e+23 5.569376e+12 7.534331e+14
  19.370   63.72644  227.714 2.026967e+18 3.781046e+12 4.246497e+23 5.652630e+12 7.649064e+14
  19.268   64.72517  227.757 2.058347e+18 3.764539e+12 4.312236e+23 5.739965e+12 7.769313e+14
  19.165   65.72391  227.800 2.089714e+18 3.745071e+12 4.377952e+23 5.827290e+12 7.889527e+14
  19.062   66.72263  227.843 2.121070e+18 3.723274e+12 4.443642e+23 5.914575e+12 8.009655e+14
  18.959   67.75173  227.888 2.153360e+18 3.700921e+12 4.511288e+23 6.004419e+12 8.133365e+14
  18.856   68.80801  227.934 2.186482e+18 3.682684e+12 4.580679e+23 6.095129e+12 8.260376e+14
  18.753   69.86428  227.981 2.219590e+18 3.662148e+12 4.650040e+23 6.185750e+12 8.387391e+14
  18.650   70.92054  228.028 2.252684e+18 3.639313e+12 4.719373e+23 6.276282e+12 8.514412e+14
  18.547   72.02598  228.066 2.287415e+18 3.621466e+12 4.792134e+23 6.372649e+12 8.647651e+14
  18.444   73.14275  228.102 2.322514e+18 3.612394e+12 4.865666e+23 6.473000e+12 8.782413e+14
  18.342   74.25951  228.138 2.357602e+18 3.601352e+12 4.939176e+23 6.573397e+12 8.917196e+14
  18.239   75.38654  228.172 2.393028e+18 3.588862e+12 5.013394e+23 6.674813e+12 9.053319e+14
  18.136   76.56809  228.194 2.430298e+18 3.565694e+12 5.091474e+23 6.786656e+12 9.196567e+14
  18.033   77.74967  228.217 2.467562e+18 3.534066e+12 5.169541e+23 6.901468e+12 9.339810e+14
  17.930   78.93123  228.239 2.504818e+18 3.499819e+12 5.247593e+23 7.016582e+12 9.483033e+14
  17.827   80.15151  228.274 2.543155e+18 3.463057e+12 5.327910e+23 7.134853e+12 9.630427e+14
  17.724   81.40207  228.318 2.582330e+18 3.403232e+12 5.409981e+23 7.252662e+12 9.781185e+14
  17.621   82.65261  228.363 2.621489e+18 3.339956e+12 5.492020e+23 7.370665e+12 9.931957e+14
  17.518   83.90443  228.408 2.660667e+18 3.273270e+12 5.574097e+23 7.488960e+12 1.008264e+15
  17.416   85.22755  228.484 2.701720e+18 3.217832e+12 5.660103e+23 7.609247e+12 1.024038e+15
  17.313   86.55064  228.561 2.742744e+18 3.170920e+12 5.746049e+23 7.726257e+12 1.039814e+15
  17.210   87.87373  228.637 2.783742e+18 3.121114e+12 5.831940e+23 7.843235e+12 1.055586e+15
  17.107   89.23574  228.741 2.825609e+18 3.070134e+12 5.919652e+23 7.962734e+12 1.071696e+15
  17.004   90.63376  228.869 2.868265e+18 3.055732e+12 6.009016e+23 8.085791e+12 1.088135e+15
  16.901   92.03178  228.998 2.910873e+18 3.039473e+12 6.098278e+23 8.208797e+12 1.104569e+15
  16.798   93.43409  229.128 2.953547e+18 3.021477e+12 6.187681e+23 8.332075e+12 1.121036e+15
  16.695   94.90736  229.287 2.998041e+18 3.015888e+12 6.280897e+23 8.460370e+12 1.138211e+15
  16.592   96.38065  229.445 3.042476e+18 3.018731e+12 6.373986e+23 8.588413e+12 1.155376e+15
  16.490   97.85394  229.604 3.086849e+18 3.020291e+12 6.466948e+23 8.716360e+12 1.172433e+15
  16.387   99.37270  229.739 3.132919e+18 3.023207e+12 6.563466e+23 8.848696e+12 1.190141e+15
  16.284  100.91921  229.859 3.180012e+18 3.032768e+12 6.662126e+23 8.980423e+12 1.208254e+15
  16.181  102.46573  229.979 3.227056e+18 3.041221e+12 6.760683e+23 9.111975e+12 1.226355e+15
  16.078  104.02732  230.076 3.274857e+18 3.049315e+12 6.860825e+23 9.245625e+12 1.244755e+15
  15.975  105.64927  230.080 3.325860e+18 3.060743e+12 6.967678e+23 9.386148e+12 1.264396e+15
  15.872  107.27122  230.084 3.376862e+18 3.071703e+12 7.074527e+23 9.525632e+12 1.284047e+15
  15.769  108.89316  230.088 3.427862e+18 3.081573e+12 7.181372e+23 9.664978e+12 1.303706e+15
  15.666  110.57963  230.131 3.480304e+18 3.093671e+12 7.291236e+23 9.807549e+12 1.323924e+15
  15.563  112.28307  230.184 3.533102e+18 3.110036e+12 7.401848e+23 9.949240e+12 1.344339e+15
  15.461  113.98648  230.237 3.585875e+18 3.125465e+12 7.512409e+23 1.009065e+13 1.364758e+15
  15.358  115.72527  230.300 3.639576e+18 3.140780e+12 7.624911e+23 1.023445e+13 1.385540e+15
  15.255  117.51632  230.378 3.694649e+18 3.159265e+12 7.740289e+23 1.038901e+13 1.406871e+15
  15.152  119.30738  230.457 3.749685e+18 3.177170e+12 7.855589e+23 1.054423e+13 1.428077e+15
  15.049  121.10215  230.534 3.804811e+18 3.194296e+12 7.971080e+23 1.069972e+13 1.449175e+15
  14.946  122.98678  230.594 3.863014e+18 3.207787e+12 8.093015e+23 1.086358e+13 1.471451e+15
  14.843  124.87138  230.655 3.921186e+18 3.215569e+12 8.214884e+23 1.102712e+13 1.493721e+15
  14.740  126.75600  230.715 3.979328e+18 3.222125e+12 8.336693e+23 1.119056e+13 1.515989e+15
  14.637  128.71036  230.768 4.039751e+18 3.225773e+12 8.463278e+23 1.136593e+13 1.539272e+15
  14.535  130.69386  230.818 4.101114e+18 3.214915e+12 8.591833e+23 1.156576e+13 1.562931e+15
  14.432  132.67740  230.868 4.162450e+18 3.202245e+12 8.720332e+23 1.176633e+13 1.586590e+15
  14.329  134.70230  230.923 4.224983e+18 3.188688e+12 8.851339e+23 1.197110e+13 1.610712e+15
  14.226  136.78897  230.983 4.289310e+18 3.174554e+12 8.986105e+23 1.217047e+13 1.635400e+15
  14.123  138.87561  231.044 4.353604e+18 3.158506e+12 9.120800e+23 1.236899e+13 1.660001e+15
  14.020  140.97578  231.103 4.418303e+18 3.140868e+12 9.256345e+23 1.256915e+13 1.684760e+15
  13.917  143.16798  231.157 4.485962e+18 3.129744e+12 9.398090e+23 1.278116e+13 1.710653e+15
  13.814  145.36020  231.211 4.553589e+18 3.120628e+12 9.539768e+23 1.299544e+13 1.736553e+15
  13.711  147.55240  231.265 4.621184e+18 3.109820e+12 9.681381e+23 1.321027e+13 1.762475e+15
  13.609  149.83798  231.316 4.691730e+18 3.102276e+12 9.829174e+23 1.343015e+13 1.789530e+15
  13.506  152.13603  231.367 4.762642e+18 3.098219e+12 9.977735e+23 1.364500e+13 1.816734e+15
  13.403  154.43410  231.417 4.833525e+18 3.092625e+12 1.012623e+24 1.386011e+13 1.843931e+15
  13.300  156.80431  231.469 4.906610e+18 3.088532e+12 1.027935e+24 1.409548e+13 1.871816e+15
  13.197  159.21205  231.522 4.980825e+18 3.092453e+12 1.043483e+24 1.440853e+13 1.900128e+15
  13.094  161.61981  231.574 5.055006e+18 3.095079e+12 1.059024e+24 1.472446e+13 1.928428e+15
  12.991  164.08044  231.632 5.130691e+18 3.097336e+12 1.074880e+24 1.504777e+13 1.957301e+15
  12.888  166.60458  231.696 5.208180e+18 3.116359e+12 1.091114e+24 1.538221e+13 1.986809e+15
  12.785  169.12869  231.760 5.285625e+18 3.135349e+12 1.107338e+24 1.571984e+13 2.016353e+15
  12.683  171.68654  231.841 5.363682e+18 3.153897e+12 1.123691e+24 1.606250e+13 2.046130e+15
  12.580  174.33302  231.968 5.443385e+18 3.183541e+12 1.140389e+24 1.642165e+13 2.076535e+15
  12.477  176.97949  232.094 5.523002e+18 3.215844e+12 1.157069e+24 1.678649e+13 2.106676e+15
  12.374  179.64154  232.226 5.602890e+18 3.247893e+12 1.173805e+24 1.715576e+13 2.137148e+15
  12.271  182.41516  232.397 5.685225e+18 3.283704e+12 1.191055e+24 1.756518e+13 2.168554e+15
  12.168  185.18881  232.567 5.767441e+18 3.320804e+12 1.208279e+24 1.799665e+13 2.199914e+15
  12.065  187.96242  232.737 5.849537e+18 3.357538e+12 1.225478e+24 1.843279e+13 2.230049e+15
  11.962  190.86531  232.892 5.935938e+18 3.398293e+12 1.243579e+24 1.894179e+13 2.262988e+15
  11.859  193.76897  233.046 6.022252e+18 3.440664e+12 1.261662e+24 1.951354e+13 2.295894e+15
  11.757  196.67259  233.201 6.108451e+18 3.482767e+12 1.279720e+24 2.009340e+13 2.328756e+15
  11.654  199.69240  233.354 6.198160e+18 3.528897e+12 1.298514e+24 2.063493e+13 2.362957e+15
  11.551  202.72664  233.508 6.288201e+18 3.578621e+12 1.317378e+24 2.109157e+13 2.395423e+15
  11.448  205.76088  233.661 6.378125e+18 3.628234e+12 1.336217e+24 2.155231e+13 2.429678e+15
  11.345  208.90414  233.811 6.471403e+18 3.676787e+12 1.355759e+24 2.209183e+13 2.465212e+15
  11.242  212.07416  233.960 6.565414e+18 3.718798e+12 1.375454e+24 2.278717e+13 2.501024e+15
  11.139  215.24419  234.110 6.659304e+18 3.760416e+12 1.395124e+24 2.349281e+13 2.533936e+15
  11.036  218.52074  234.167 6.759026e+18 3.800095e+12 1.416016e+24 2.442093e+13 2.571881e+15
  10.933  221.83566  234.191 6.860859e+18 3.824296e+12 1.437350e+24 2.600444e+13 2.610630e+15
  10.830  225.15060  234.215 6.962671e+18 3.847504e+12 1.458679e+24 2.762393e+13 2.649370e+15
  10.728  228.57184  234.191 7.069190e+18 3.866981e+12 1.480995e+24 2.921582e+13 2.686131e+15
  10.625  232.04083  234.145 7.177865e+18 3.863361e+12 1.503763e+24 3.049177e+13 2.727425e+15
  10.522  235.50983  234.100 7.286583e+18 3.857853e+12 1.526539e+24 3.179295e+13 2.768736e+15
  10.419  239.08784  234.027 7.399590e+18 3.846298e+12 1.550214e+24 3.373871e+13 2.811675e+15
  10.316  242.71945  233.941 7.514762e+18 3.802190e+12 1.574343e+24 3.870652e+13 2.851448e+15
  10.213  246.35103  233.854 7.630019e+18 3.754938e+12 1.598489e+24 4.381095e+13 2.895182e+15
  10.110  250.09830  233.686 7.751672e+18 3.704010e+12 1.623975e+24 4.950707e+13 2.941342e+15
  10.007  253.90025  233.478 7.876509e+18 3.634534e+12 1.650129e+24 5.731888e+13 2.988711e+15
   9.904  257.70224  233.270 8.001570e+18 3.561066e+12 1.676329e+24 6.535486e+13 3.036165e+15
   9.802  261.63193  233.176 8.126872e+18 3.486512e+12 1.702580e+24 7.185802e+13 3.079018e+15
   9.699  265.61240  233.127 8.252260e+18 3.418724e+12 1.728848e+24 7.204164e+13 3.126524e+15
   9.596  269.59280  233.077 8.377700e+18 3.347261e+12 1.755128e+24 7.219759e+13 3.174049e+15
   9.493  273.71875  233.036 8.507426e+18 3.266620e+12 1.782306e+24 7.234872e+13 3.223198e+15
   9.390  277.88528  232.997 8.638376e+18 3.163966e+12 1.809740e+24 7.244663e+13 3.269001e+15
   9.287  282.05173  232.958 8.769369e+18 3.056692e+12 1.837183e+24 7.251411e+13 3.318573e+15
   9.184  286.38632  233.057 8.900330e+18 2.946641e+12 1.864619e+24 7.350415e+13 3.368132e+15
   9.081  290.74423  233.176 9.031158e+18 2.835089e+12 1.892028e+24 7.608099e+13 3.417641e+15
   8.978  295.10257  233.295 9.161864e+18 2.719014e+12 1.919410e+24 7.870013e+13 3.462791e+15
   8.876  299.65454  233.451 9.296973e+18 2.619347e+12 1.947716e+24 9.265886e+13 3.513857e+15
   8.773  304.20645  233.607 9.431901e+18 2.535317e+12 1.975983e+24 1.182975e+14 3.564854e+15
   8.670  308.78864  233.755 9.567891e+18 2.448068e+12 2.004473e+24 1.446471e+14 3.616252e+15
   8.567  313.54013  233.863 9.710667e+18 2.402439e+12 2.034385e+24 1.715410e+14 3.667412e+15
   8.464  318.29169  233.970 9.853315e+18 2.377955e+12 2.064270e+24 1.990100e+14 3.721286e+15
   8.361  323.11069  234.025 1.000013e+19 2.352721e+12 2.095027e+24 2.272958e+14 3.776732e+15
   8.258  328.07007  233.973 1.015588e+19 2.360083e+12 2.127657e+24 2.414843e+14 3.835555e+15
   8.155  333.02948  233.921 1.031170e+19 2.373544e+12 2.160302e+24 2.527478e+14 3.891383e+15
   8.052  338.10086  233.683 1.047940e+19 2.387367e+12 2.195434e+24 2.657472e+14 3.954668e+15
   7.950  343.27469  233.274 1.065840e+19 2.328004e+12 2.232934e+24 3.339648e+14 4.022217e+15
   7.847  348.44855  232.866 1.083803e+19 2.265411e+12 2.270567e+24 4.043446e+14 4.090005e+15
   7.744  353.78445  232.454 1.102347e+19 2.187083e+12 2.309417e+24 5.087605e+14 4.157314e+15
   7.641  359.17639  232.042 1.121137e+19 2.062451e+12 2.348782e+24 7.168172e+14 4.228177e+15
   7.538  364.56833  231.629 1.139994e+19 1.932504e+12 2.388287e+24 9.316117e+14 4.299292e+15
   7.435  370.17490  231.701 1.157165e+19 1.808160e+12 2.424260e+24 1.173117e+15 4.364050e+15
   7.332  375.78455  231.781 1.174299e+19 1.693900e+12 2.460156e+24 1.444642e+15 4.426284e+15
   7.229  381.44632  231.983 1.190950e+19 1.574886e+12 2.495039e+24 1.722883e+15 4.489045e+15
   7.126  387.26825  232.565 1.206100e+19 1.412186e+12 2.526780e+24 2.002484e+15 4.546153e+15
   7.024  393.09012  233.148 1.221175e+19 1.231737e+12 2.558363e+24 2.287257e+15 4.602976e+15
   6.921  399.01642  233.886 1.235674e+19 1.048494e+12 2.588737e+24 2.577961e+15 4.655248e+15
   6.818  405.04013  234.769 1.249607e+19 1.007654e+12 2.617927e+24 2.914610e+15 4.707739e+15
   6.715  411.06384  235.653 1.263436e+19 9.655591e+11 2.646898e+24 3.257848e+15 4.759837e+15
   6.612  417.24670  236.519 1.277743e+19 9.359508e+11 2.676872e+24 3.611113e+15 4.813738e+15
   6.509  423.47107  237.381 1.292097e+19 9.378847e+11 2.706944e+24 3.976153e+15 4.865647e+15
   6.406  429.70993  238.242 1.306393e+19 9.395857e+11 2.736893e+24 4.348205e+15 4.919479e+15
   6.303  436.13934  239.102 1.321171e+19 9.209961e+11 2.767853e+24 4.724003e+15 4.975128e+15
   6.200  442.56879  239.962 1.335843e+19 8.861316e+11 2.798591e+24 5.102781e+15 5.030378e+15
   6.098  449.07071  240.828 1.350590e+19 8.503243e+11 2.829487e+24 5.489032e+15 5.083770e+15
   5.995  455.70755  241.708 1.365566e+19 8.202424e+11 2.860861e+24 5.918214e+15 5.140138e+15
   5.892  462.34442  242.587 1.380433e+19 7.904118e+11 2.892007e+24 6.361201e+15 5.196100e+15
   5.789  469.11151  243.471 1.395552e+19 7.616602e+11 2.923682e+24 6.823109e+15 5.253010e+15
   5.686  475.95560  244.358 1.410773e+19 7.443251e+11 2.955570e+24 7.359380e+15 5.308108e+15
   5.583  482.79965  245.245 1.425884e+19 7.263806e+11 2.987228e+24 7.905008e+15 5.364965e+15
   5.480  489.82812  246.117 1.441513e+19 7.154476e+11 3.019970e+24 8.524994e+15 5.423768e+15
   5.377  496.87570  246.988 1.457096e+19 7.148808e+11 3.052616e+24 9.247032e+15 5.482400e+15
   5.274  503.95981  247.856 1.472698e+19 7.141458e+11 3.085303e+24 9.982679e+15 5.538878e+15
   5.172  511.20746  248.707 1.488767e+19 7.229734e+11 3.118967e+24 1.085539e+16 5.599313e+15
   5.069  518.45508  249.557 1.504726e+19 7.362418e+11 3.152401e+24 1.180022e+16 5.659337e+15
   4.966  525.79883  250.394 1.520942e+19 7.497537e+11 3.186374e+24 1.276477e+16 5.720325e+15
   4.863  533.25275  251.214 1.537468e+19 7.654504e+11 3.220996e+24 1.379329e+16 5.780102e+15
   4.760  540.70667  252.034 1.553887e+19 7.813237e+11 3.255392e+24 1.484146e+16 5.841827e+15
   4.657  548.32513  252.807 1.570965e+19 7.957373e+11 3.291171e+24 1.589669e+16 5.906032e+15
   4.554  555.99194  253.565 1.588164e+19 8.050708e+11 3.327202e+24 1.692236e+16 5.970691e+15
   4.451  563.68506  254.323 1.605340e+19 8.144062e+11 3.363187e+24 1.796623e+16 6.032656e+15
   4.348  571.57007  255.076 1.622993e+19 8.215267e+11 3.400170e+24 1.904460e+16 6.098993e+15
   4.245  579.45502  255.829 1.640542e+19 8.270285e+11 3.436936e+24 2.014735e+16 6.164941e+15
   4.143  587.45538  256.565 1.658422e+19 8.325331e+11 3.474394e+24 2.127472e+16 6.232131e+15
   4.040  595.56213  257.285 1.676599e+19 8.337150e+11 3.512474e+24 2.248337e+16 6.297570e+15
   3.937  603.66888  258.006 1.694674e+19 8.346748e+11 3.550342e+24 2.371176e+16 6.365463e+15
   3.834  611.99561  258.729 1.713245e+19 8.337043e+11 3.589247e+24 2.507957e+16 6.435217e+15
   3.731  620.32599  259.453 1.731721e+19 8.303071e+11 3.627956e+24 2.659014e+16 6.501466e+15
   3.628  628.77252  260.170 1.750465e+19 8.267400e+11 3.667225e+24 2.813582e+16 6.571837e+15
   3.525  637.32678  260.880 1.769449e+19 8.213008e+11 3.706995e+24 2.994955e+16 6.643108e+15
   3.422  645.91071  261.587 1.788432e+19 8.155523e+11 3.746765e+24 3.179564e+16 6.714376e+15
   3.319  654.68719  262.275 1.807981e+19 8.092588e+11 3.787720e+24 3.379846e+16 6.784167e+15
   3.217  663.46368  262.962 1.827427e+19 8.023053e+11 3.828460e+24 3.590166e+16 6.857136e+15
   3.114  672.42249  263.633 1.847389e+19 7.952543e+11 3.870280e+24 3.811954e+16 6.932041e+15
   3.011  681.41742  264.301 1.867372e+19 7.878980e+11 3.912145e+24 4.051182e+16 7.003009e+15
   2.908  690.54608  264.954 1.887724e+19 7.806375e+11 3.954782e+24 4.301053e+16 7.079333e+15
   2.805  699.75409  265.599 1.908255e+19 7.750683e+11 3.997795e+24 4.594112e+16 7.156328e+15
   2.702  709.06873  266.239 1.929008e+19 7.693339e+11 4.041271e+24 4.893848e+16 7.229672e+15
   2.599  718.48352  266.875 1.949961e+19 7.664075e+11 4.085169e+24 5.250023e+16 7.308204e+15
   2.496  727.99945  267.478 1.971330e+19 7.634061e+11 4.129936e+24 5.613928e+16 7.388290e+15
   2.393  737.61597  268.049 1.993115e+19 7.643675e+11 4.175575e+24 6.007196e+16 7.464873e+15
   2.291  747.34729  268.601 2.015260e+19 7.657692e+11 4.221970e+24 6.412253e+16 7.547815e+15
   2.188  757.15936  269.140 2.037634e+19 7.720700e+11 4.268844e+24 6.861712e+16 7.631614e+15
   2.085  767.11713  269.522 2.061506e+19 7.797292e+11 4.318854e+24 7.317651e+16 7.715093e+15
   1.982  777.12817  269.882 2.085621e+19 7.897254e+11 4.369377e+24 7.763849e+16 7.805346e+15
   1.879  787.30945  270.643 2.107005e+19 7.982200e+11 4.414176e+24 8.228122e+16 7.878697e+15
   1.776  797.56659  271.366 2.128769e+19 8.064760e+11 4.459770e+24 8.718108e+16 7.960076e+15
   1.673  807.91962  272.041 2.151050e+19 8.128419e+11 4.506449e+24 9.172887e+16 8.043392e+15
   1.570  818.42322  272.669 2.174000e+19 8.212255e+11 4.554529e+24 9.610080e+16 8.121779e+15
   1.467  829.01636  273.289 2.197141e+19 8.323558e+11 4.603010e+24 1.002048e+17 8.208231e+15
   1.365  839.71088  273.915 2.220393e+19 8.506012e+11 4.651724e+24 1.032250e+17 8.287078e+15
   1.262  850.52679  274.592 2.243454e+19 8.722170e+11 4.700036e+24 1.054517e+17 8.373145e+15
   1.159  861.46851  275.220 2.267128e+19 8.955190e+11 4.749633e+24 1.074949e+17 8.453336e+15
   1.056  872.51935  275.825 2.291172e+19 9.168997e+11 4.800005e+24 1.098453e+17 8.542986e+15
   0.953  883.68408  276.419 2.315509e+19 9.318053e+11 4.850993e+24 1.123440e+17 8.626063e+15
   0.850  894.96521  277.018 2.339996e+19 9.368823e+11 4.902291e+24 1.153003e+17 8.717282e+15
   0.747  906.36328  277.638 2.364508e+19 9.341245e+11 4.953645e+24 1.194178e+17 8.801765e+15
   0.644  917.88330  278.287 2.388974e+19 9.237207e+11 5.004900e+24 1.253069e+17 8.887217e+15
   0.541  929.52118  278.898 2.413962e+19 9.083378e+11 5.057249e+24 1.324602e+17 8.980174e+15
   0.439  941.27209  279.443 2.439713e+19 8.929895e+11 5.111200e+24 1.408075e+17 9.072603e+15
   0.336  953.16901  280.000 2.465637e+19 8.858020e+11 5.165510e+24 1.501187e+17 9.167957e+15
   0.233  965.21729  280.625 2.491236e+19 8.840485e+11 5.219139e+24 1.593330e+17 9.264485e+15
   0.130  977.38361  281.313 2.516468e+19 8.802252e+11 5.272001e+24 1.648646e+17 9.362115e+15
