  65.326    0.13390  232.032 4.179630e+15 1.648200e+09 8.756325e+20 1.701674e+10 1.559746e+12
  60.326    0.25263  247.979 7.378816e+15 4.748292e+09 1.545862e+21 3.085768e+10 2.753670e+12
  55.326    0.47462  264.709 1.298663e+16 1.365232e+10 2.720699e+21 5.582014e+10 4.846583e+12
  50.326    0.89939  274.830 2.370290e+16 3.957855e+10 4.965757e+21 1.018167e+11 8.846135e+12
  45.326    1.67043  268.896 4.499451e+16 1.200207e+11 9.426350e+21 1.902241e+11 1.679369e+13
  40.326    3.10345  255.601 8.794265e+16 3.744189e+11 1.842399e+22 3.603490e+11 3.283135e+13
  39.826    3.32312  253.692 9.487572e+16 4.907509e+11 1.987646e+22 3.766825e+11 3.542625e+13
  39.331    3.55590  252.097 1.021643e+17 5.408602e+11 2.140342e+22 4.028848e+11 3.814883e+13
  38.835    3.80235  250.772 1.098223e+17 5.872959e+11 2.300776e+22 4.308204e+11 4.100963e+13
  38.339    4.05857  249.524 1.178087e+17 6.363279e+11 2.468092e+22 4.597222e+11 4.399327e+13
  37.843    4.34151  248.487 1.265479e+17 6.854318e+11 2.651179e+22 4.920693e+11 4.725810e+13
  37.347    4.62826  247.473 1.354585e+17 7.341427e+11 2.837855e+22 5.251140e+11 5.058695e+13
  36.852    4.95708  246.725 1.455222e+17 7.874382e+11 3.048690e+22 5.630013e+11 5.434679e+13
  36.356    5.28603  245.977 1.556508e+17 8.395881e+11 3.260884e+22 6.014403e+11 5.813113e+13
  35.860    5.67085  245.336 1.674187e+17 8.991108e+11 3.507422e+22 6.463879e+11 6.252785e+13
  35.364    6.05848  244.675 1.793459e+17 9.577660e+11 3.757296e+22 6.921727e+11 6.698444e+13
  34.869    6.50714  243.586 1.934882e+17 1.025057e+12 4.053578e+22 7.459294e+11 7.226889e+13
  34.373    6.96863  242.412 2.082143e+17 1.092040e+12 4.362089e+22 8.013273e+11 7.777192e+13
  33.877    7.48097  240.897 2.249274e+17 1.159680e+12 4.712229e+22 8.625616e+11 8.401785e+13
  33.381    8.02326  239.405 2.427358e+17 1.226175e+12 5.085315e+22 9.267857e+11 9.067356e+13
  32.886    8.60388  237.941 2.619031e+17 1.277484e+12 5.486870e+22 9.908839e+11 9.783826e+13
  32.390    9.24006  236.760 2.826729e+17 1.327355e+12 5.921997e+22 1.058229e+12 1.056026e+14
  31.894    9.90398  235.722 3.043167e+17 1.370202e+12 6.375434e+22 1.123525e+12 1.136949e+14
  31.398   10.63330  235.048 3.276638e+17 1.419019e+12 6.864557e+22 1.196555e+12 1.224256e+14
  30.903   11.40712  234.340 3.525712e+17 1.471044e+12 7.386366e+22 1.275997e+12 1.317408e+14
  30.407   12.22000  233.599 3.788929e+17 1.523583e+12 7.937808e+22 1.362935e+12 1.415874e+14
  29.911   13.13127  232.423 4.092074e+17 1.583303e+12 8.572895e+22 1.462418e+12 1.529290e+14
  29.415   14.10640  231.223 4.418767e+17 1.642623e+12 9.257317e+22 1.568193e+12 1.651537e+14
  28.920   15.15583  230.081 4.771077e+17 1.710202e+12 9.995406e+22 1.680123e+12 1.783415e+14
  28.424   16.31940  229.364 5.153417e+17 1.789804e+12 1.079641e+23 1.801675e+12 1.926569e+14
  27.928   17.60580  228.963 5.569386e+17 1.883724e+12 1.166786e+23 1.933402e+12 2.082371e+14
  27.432   18.99997  228.595 6.020097e+17 1.993809e+12 1.261210e+23 2.074552e+12 2.251240e+14
  26.937   20.49888  228.154 6.507562e+17 2.122819e+12 1.363334e+23 2.224348e+12 2.433984e+14
  26.441   22.09616  227.592 7.031958e+17 2.256390e+12 1.473195e+23 2.379166e+12 2.630657e+14
  25.945   23.79608  226.916 7.595496e+17 2.393536e+12 1.591256e+23 2.541290e+12 2.842135e+14
  25.449   25.61964  226.551 8.190737e+17 2.555715e+12 1.715959e+23 2.709988e+12 3.065632e+14
  24.954   27.58279  226.224 8.831124e+17 2.748067e+12 1.850121e+23 2.887017e+12 3.306268e+14
  24.458   29.68761  225.889 9.519102e+17 2.924957e+12 1.994252e+23 3.070924e+12 3.564988e+14
  23.962   31.94678  225.784 1.024828e+18 3.047557e+12 2.147015e+23 3.262086e+12 3.839524e+14
  23.466   34.37965  225.821 1.102690e+18 3.205084e+12 2.310136e+23 3.458244e+12 4.132959e+14
  22.971   37.01049  225.956 1.186366e+18 3.471551e+12 2.485436e+23 3.653594e+12 4.448618e+14
  22.475   39.86538  226.175 1.276638e+18 3.769988e+12 2.674556e+23 3.857924e+12 4.789905e+14
  21.979   42.96851  226.522 1.373904e+18 3.994743e+12 2.878329e+23 4.068214e+12 5.158117e+14
  21.483   46.33617  226.703 1.480403e+18 4.068548e+12 3.101445e+23 4.288377e+12 5.561839e+14
  20.988   49.98921  226.811 1.596352e+18 4.024412e+12 3.344357e+23 4.548165e+12 6.002454e+14
  20.492   53.89561  227.069 1.719146e+18 4.003560e+12 3.601611e+23 4.841229e+12 6.469949e+14
  20.193   56.35691  227.162 1.796917e+18 3.957144e+12 3.764541e+23 5.035537e+12 6.767793e+14
  20.090   57.24943  227.174 1.825279e+18 3.895921e+12 3.823959e+23 5.107028e+12 6.877375e+14
  19.987   58.14196  227.186 1.853638e+18 3.881739e+12 3.883372e+23 5.183372e+12 6.985720e+14
  19.884   59.03448  227.198 1.881994e+18 3.865266e+12 3.942778e+23 5.259614e+12 7.094097e+14
  19.781   59.93599  227.217 1.910569e+18 3.846947e+12 4.002643e+23 5.336376e+12 7.203346e+14
  19.678   60.88023  227.274 1.940188e+18 3.831049e+12 4.064695e+23 5.416950e+12 7.316641e+14
  19.575   61.82448  227.330 1.969794e+18 3.814130e+12 4.126718e+23 5.497907e+12 7.429962e+14
  19.472   62.76871  227.386 1.999384e+18 3.794917e+12 4.188709e+23 5.578771e+12 7.543277e+14
  19.369   63.73028  227.452 2.029425e+18 3.774278e+12 4.251645e+23 5.660841e+12 7.658344e+14
  19.267   64.72938  227.539 2.060454e+18 3.760885e+12 4.316651e+23 5.746945e+12 7.777274e+14
  19.164   65.72851  227.626 2.091460e+18 3.747088e+12 4.381608e+23 5.833276e+12 7.896124e+14
  19.061   66.72762  227.712 2.122441e+18 3.731163e+12 4.446515e+23 5.919536e+12 8.014842e+14
  18.958   67.75741  227.789 2.154473e+18 3.715010e+12 4.513621e+23 6.008722e+12 8.137582e+14
  18.855   68.81405  227.856 2.187424e+18 3.699653e+12 4.582653e+23 6.100533e+12 8.263947e+14
  18.752   69.87068  227.924 2.220355e+18 3.682090e+12 4.651643e+23 6.192287e+12 8.390294e+14
  18.649   70.92735  227.991 2.253267e+18 3.662323e+12 4.720595e+23 6.283985e+12 8.516628e+14
  18.546   72.03348  228.052 2.287798e+18 3.644988e+12 4.792937e+23 6.380208e+12 8.649113e+14
  18.443   73.15057  228.111 2.322674e+18 3.630367e+12 4.866001e+23 6.477415e+12 8.783031e+14
  18.341   74.26765  228.170 2.357530e+18 3.613609e+12 4.939026e+23 6.574568e+12 8.916939e+14
  18.238   75.39546  228.230 2.392707e+18 3.595225e+12 5.012721e+23 6.672612e+12 9.052121e+14
  18.135   76.57723  228.290 2.429566e+18 3.577900e+12 5.089940e+23 6.780093e+12 9.193812e+14
  18.032   77.75900  228.351 2.466404e+18 3.558700e+12 5.167117e+23 6.890086e+12 9.335447e+14
  17.929   78.94079  228.412 2.503224e+18 3.537280e+12 5.244255e+23 7.000240e+12 9.477020e+14
  17.826   80.16181  228.467 2.541323e+18 3.513836e+12 5.324071e+23 7.114446e+12 9.623508e+14
  17.723   81.41251  228.520 2.580384e+18 3.467705e+12 5.405906e+23 7.235088e+12 9.773836e+14
  17.620   82.66318  228.572 2.619428e+18 3.418519e+12 5.487701e+23 7.356020e+12 9.924168e+14
  17.517   83.91577  228.623 2.658523e+18 3.366369e+12 5.569606e+23 7.477439e+12 1.007454e+15
  17.415   85.23892  228.646 2.700166e+18 3.309408e+12 5.656847e+23 7.603029e+12 1.023451e+15
  17.312   86.56207  228.670 2.741799e+18 3.244576e+12 5.744069e+23 7.725795e+12 1.039457e+15
  17.209   87.88525  228.693 2.783425e+18 3.176215e+12 5.831276e+23 7.848709e+12 1.055468e+15
  17.106   89.24793  228.730 2.826121e+18 3.106604e+12 5.920724e+23 7.974729e+12 1.071892e+15
  17.003   90.64599  228.780 2.869768e+18 3.072916e+12 6.012163e+23 8.100742e+12 1.088707e+15
  16.900   92.04402  228.830 2.913394e+18 3.036722e+12 6.103561e+23 8.226785e+12 1.105528e+15
  16.797   93.44700  228.883 2.957114e+18 2.998141e+12 6.195155e+23 8.353180e+12 1.122393e+15
  16.694   94.92035  228.985 3.002406e+18 2.979072e+12 6.290041e+23 8.483367e+12 1.139871e+15
  16.591   96.39366  229.086 3.047658e+18 2.973944e+12 6.384843e+23 8.612929e+12 1.157346e+15
  16.489   97.86701  229.188 3.092870e+18 2.967293e+12 6.479562e+23 8.742431e+12 1.174721e+15
  16.386   99.38651  229.310 3.139209e+18 2.962163e+12 6.576643e+23 8.875163e+12 1.192533e+15
  16.283  100.93314  229.446 3.186183e+18 2.969367e+12 6.675054e+23 9.009677e+12 1.210601e+15
  16.180  102.47976  229.581 3.233101e+18 2.975424e+12 6.773347e+23 9.144084e+12 1.228654e+15
  16.077  104.04220  229.716 3.280466e+18 2.980793e+12 6.872576e+23 9.279804e+12 1.246889e+15
  15.974  105.66441  229.850 3.329670e+18 2.994043e+12 6.975659e+23 9.416755e+12 1.265846e+15
  15.871  107.28661  229.984 3.378817e+18 3.009363e+12 7.078622e+23 9.551800e+12 1.284793e+15
  15.768  108.90880  230.118 3.427907e+18 3.023794e+12 7.181464e+23 9.686567e+12 1.303725e+15
  15.665  110.59644  230.213 3.479592e+18 3.040362e+12 7.289745e+23 9.828001e+12 1.323656e+15
  15.562  112.30025  230.298 3.531892e+18 3.058268e+12 7.399313e+23 9.969743e+12 1.343882e+15
  15.460  114.00405  230.383 3.584153e+18 3.075317e+12 7.508800e+23 1.011120e+13 1.364106e+15
  15.357  115.74419  230.467 3.637539e+18 3.092500e+12 7.620643e+23 1.025565e+13 1.384768e+15
  15.254  117.53576  230.549 3.692532e+18 3.109458e+12 7.735854e+23 1.040740e+13 1.406069e+15
  15.151  119.32732  230.630 3.747486e+18 3.125426e+12 7.850983e+23 1.055923e+13 1.427241e+15
  15.048  121.12371  230.711 3.802567e+18 3.140610e+12 7.966378e+23 1.071132e+13 1.448322e+15
  14.945  123.00896  230.775 3.860695e+18 3.158958e+12 8.088156e+23 1.087088e+13 1.470569e+15
  14.842  124.89420  230.838 3.918791e+18 3.177676e+12 8.209867e+23 1.102936e+13 1.492810e+15
  14.739  126.77943  230.901 3.976854e+18 3.195513e+12 8.331509e+23 1.118761e+13 1.515049e+15
  14.636  128.73578  230.913 4.038017e+18 3.211620e+12 8.459645e+23 1.136140e+13 1.538614e+15
  14.534  130.72002  230.904 4.100408e+18 3.215523e+12 8.590354e+23 1.156414e+13 1.562666e+15
  14.431  132.70425  230.896 4.162802e+18 3.218037e+12 8.721072e+23 1.176771e+13 1.586728e+15
  14.328  134.73138  230.880 4.226680e+18 3.220290e+12 8.854893e+23 1.197631e+13 1.611363e+15
  14.225  136.81883  230.854 4.292646e+18 3.198303e+12 8.993094e+23 1.220567e+13 1.636673e+15
  14.122  138.90623  230.828 4.358627e+18 3.171825e+12 9.131323e+23 1.243768e+13 1.661918e+15
  14.019  141.00885  230.810 4.424957e+18 3.143306e+12 9.270284e+23 1.267204e+13 1.687299e+15
  13.916  143.20184  230.835 4.493275e+18 3.113496e+12 9.413410e+23 1.291100e+13 1.713443e+15
  13.813  145.39479  230.861 4.561577e+18 3.081085e+12 9.556505e+23 1.314987e+13 1.739602e+15
  13.710  147.58775  230.887 4.629865e+18 3.046276e+12 9.699567e+23 1.338996e+13 1.765788e+15
  13.608  149.87582  230.965 4.700056e+18 3.021526e+12 9.846618e+23 1.362768e+13 1.792708e+15
  13.505  152.17451  231.048 4.770413e+18 3.011886e+12 9.994014e+23 1.385291e+13 1.819700e+15
  13.402  154.47322  231.132 4.840718e+18 3.000595e+12 1.014130e+24 1.407863e+13 1.846677e+15
  13.299  156.84604  231.248 4.912609e+18 2.992922e+12 1.029191e+24 1.431162e+13 1.874105e+15
  13.196  159.25432  231.380 4.985204e+18 3.004352e+12 1.044400e+24 1.455699e+13 1.901799e+15
  13.093  161.66260  231.511 5.057719e+18 3.014777e+12 1.059592e+24 1.480310e+13 1.929463e+15
  12.990  164.12604  231.643 5.131856e+18 3.025204e+12 1.075124e+24 1.505496e+13 1.957745e+15
  12.887  166.65062  231.776 5.207801e+18 3.048789e+12 1.091034e+24 1.530245e+13 1.986665e+15
  12.784  169.17517  231.910 5.283656e+18 3.072051e+12 1.106926e+24 1.555012e+13 2.015602e+15
  12.682  171.73605  232.036 5.360714e+18 3.095399e+12 1.123070e+24 1.580205e+13 2.044998e+15
  12.579  174.38304  232.146 5.440751e+18 3.127324e+12 1.139837e+24 1.609385e+13 2.075530e+15
  12.476  177.03004  232.257 5.520711e+18 3.160724e+12 1.156589e+24 1.639494e+13 2.105802e+15
  12.373  179.69543  232.363 5.601272e+18 3.194102e+12 1.173466e+24 1.669969e+13 2.136531e+15
  12.270  182.46974  232.444 5.685768e+18 3.236910e+12 1.191168e+24 1.712824e+13 2.168761e+15
  12.167  185.24413  232.525 5.770208e+18 3.283759e+12 1.208859e+24 1.762354e+13 2.200970e+15
  12.064  188.02078  232.607 5.854640e+18 3.330570e+12 1.226547e+24 1.812587e+13 2.231995e+15
  11.961  190.92552  232.731 5.941921e+18 3.384119e+12 1.244832e+24 1.871738e+13 2.265269e+15
  11.858  193.83026  232.855 6.029108e+18 3.442599e+12 1.263098e+24 1.938716e+13 2.298508e+15
  11.756  196.73500  232.979 6.116203e+18 3.501281e+12 1.281344e+24 2.006807e+13 2.331712e+15
  11.653  199.75983  233.157 6.205501e+18 3.558662e+12 1.300052e+24 2.076283e+13 2.365755e+15
  11.550  202.79585  233.340 6.294876e+18 3.612230e+12 1.318776e+24 2.146237e+13 2.397965e+15
  11.447  205.83188  233.523 6.384109e+18 3.665782e+12 1.337471e+24 2.217279e+13 2.431958e+15
  11.344  208.98125  233.665 6.477854e+18 3.716741e+12 1.357110e+24 2.288392e+13 2.467669e+15
  11.241  212.15367  233.798 6.572432e+18 3.757314e+12 1.376925e+24 2.355460e+13 2.503698e+15
  11.138  215.32611  233.932 6.666905e+18 3.797432e+12 1.396717e+24 2.423458e+13 2.536828e+15
  11.035  218.60982  233.987 6.766984e+18 3.833388e+12 1.417683e+24 2.503094e+13 2.574910e+15
  10.932  221.92754  234.018 6.868775e+18 3.850225e+12 1.439008e+24 2.608739e+13 2.613642e+15
  10.829  225.24521  234.049 6.970537e+18 3.865835e+12 1.460328e+24 2.716390e+13 2.652363e+15
  10.727  228.67439  234.034 7.077087e+18 3.875972e+12 1.482650e+24 2.862879e+13 2.689132e+15
  10.624  232.14595  234.003 7.185489e+18 3.861446e+12 1.505360e+24 3.135869e+13 2.730322e+15
  10.521  235.61755  233.972 7.293921e+18 3.844707e+12 1.528076e+24 3.415788e+13 2.771524e+15
  10.418  239.20367  233.866 7.408286e+18 3.822398e+12 1.552036e+24 3.745776e+13 2.814980e+15
  10.315  242.83704  233.729 7.525209e+18 3.774063e+12 1.576531e+24 4.241065e+13 2.855412e+15
  10.212  246.47035  233.593 7.642268e+18 3.722418e+12 1.601055e+24 4.749987e+13 2.899829e+15
  10.109  250.22496  233.461 7.763061e+18 3.665975e+12 1.626361e+24 5.189123e+13 2.945664e+15
  10.006  254.02695  233.331 7.885393e+18 3.595101e+12 1.651990e+24 5.329082e+13 2.992082e+15
   9.903  257.82895  233.202 8.007864e+18 3.520296e+12 1.677647e+24 5.470939e+13 3.038553e+15
   9.801  261.76462  233.151 8.131876e+18 3.443728e+12 1.703628e+24 5.542929e+13 3.080914e+15
   9.698  265.74323  233.125 8.256380e+18 3.368006e+12 1.729712e+24 5.401061e+13 3.128085e+15
   9.595  269.72186  233.100 8.380911e+18 3.288422e+12 1.755801e+24 5.252373e+13 3.175266e+15
   9.492  273.85226  233.145 8.507612e+18 3.211436e+12 1.782345e+24 5.161735e+13 3.223269e+15
   9.389  278.01535  233.205 8.634716e+18 3.142865e+12 1.808973e+24 5.201617e+13 3.267616e+15
   9.286  282.17847  233.265 8.761756e+18 3.070839e+12 1.835588e+24 5.240363e+13 3.315691e+15
   9.183  286.51630  233.398 8.891390e+18 2.999586e+12 1.862746e+24 5.233984e+13 3.364749e+15
   9.080  290.86984  233.537 9.021112e+18 2.929666e+12 1.889923e+24 5.160751e+13 3.413839e+15
   8.977  295.23111  233.677 9.150897e+18 2.856495e+12 1.917113e+24 5.083249e+13 3.458646e+15
   8.875  299.77847  233.830 9.285741e+18 2.792776e+12 1.945363e+24 5.156394e+13 3.509612e+15
   8.772  304.32590  233.984 9.420409e+18 2.735611e+12 1.973576e+24 5.360876e+13 3.560510e+15
   8.669  308.91074  234.108 9.557271e+18 2.676269e+12 2.002248e+24 5.570343e+13 3.612238e+15
   8.566  313.65793  234.103 9.704333e+18 2.634249e+12 2.033058e+24 6.629804e+13 3.665020e+15
   8.463  318.40515  234.099 9.851401e+18 2.597740e+12 2.063869e+24 8.106263e+13 3.720563e+15
   8.360  323.22708  234.008 1.000446e+19 2.560481e+12 2.095935e+24 9.629589e+13 3.778370e+15
   8.257  328.18237  233.764 1.016845e+19 2.514574e+12 2.130290e+24 1.139295e+14 3.840301e+15
   8.154  333.13766  233.520 1.033277e+19 2.464420e+12 2.164715e+24 1.323935e+14 3.899333e+15
   8.051  338.21204  233.245 1.050250e+19 2.411870e+12 2.200275e+24 1.544075e+14 3.963387e+15
   7.949  343.38174  232.946 1.067672e+19 2.344306e+12 2.236773e+24 2.280598e+14 4.029132e+15
   7.846  348.55148  232.648 1.085138e+19 2.273324e+12 2.273365e+24 3.040452e+14 4.095045e+15
   7.743  353.89020  232.429 1.102795e+19 2.191986e+12 2.310355e+24 4.211504e+14 4.159002e+15
   7.640  359.27780  232.234 1.120525e+19 2.087722e+12 2.347499e+24 6.453308e+14 4.225868e+15
   7.537  364.66922  232.045 1.138267e+19 1.979063e+12 2.384669e+24 8.764029e+14 4.292780e+15
   7.434  370.27414  232.197 1.155006e+19 1.857002e+12 2.419736e+24 1.164395e+15 4.355906e+15
   7.331  375.87909  232.349 1.171722e+19 1.723552e+12 2.454758e+24 1.508634e+15 4.416571e+15
   7.228  381.54245  232.605 1.188067e+19 1.585030e+12 2.489000e+24 1.861635e+15 4.478180e+15
   7.125  387.35883  233.134 1.203443e+19 1.478157e+12 2.521212e+24 2.172625e+15 4.536135e+15
   7.023  393.17520  233.662 1.218749e+19 1.378830e+12 2.553278e+24 2.476402e+15 4.593828e+15
   6.920  399.10129  234.346 1.233510e+19 1.277823e+12 2.584203e+24 2.782730e+15 4.647094e+15
   6.817  405.11826  235.158 1.247783e+19 1.211660e+12 2.614106e+24 3.029537e+15 4.700869e+15
   6.714  411.13522  235.970 1.261959e+19 1.143556e+12 2.643805e+24 3.281000e+15 4.754274e+15
   6.611  417.31598  236.816 1.276350e+19 1.079896e+12 2.673954e+24 3.562113e+15 4.808490e+15
   6.508  423.53235  237.671 1.290706e+19 1.027526e+12 2.704029e+24 3.900313e+15 4.860406e+15
   6.405  429.76843  238.525 1.305019e+19 9.736897e+11 2.734014e+24 4.245007e+15 4.914305e+15
   6.302  436.18900  239.379 1.319792e+19 9.292162e+11 2.764965e+24 4.639780e+15 4.969936e+15
   6.199  442.60950  240.232 1.334460e+19 8.905970e+11 2.795694e+24 5.070562e+15 5.025172e+15
   6.097  449.10727  241.090 1.349232e+19 8.509671e+11 2.826642e+24 5.510105e+15 5.078657e+15
   5.994  455.73489  241.956 1.364247e+19 8.289221e+11 2.858096e+24 6.036689e+15 5.135172e+15
   5.891  462.36249  242.821 1.379154e+19 8.088500e+11 2.889327e+24 6.584433e+15 5.191285e+15
   5.788  469.12491  243.691 1.394331e+19 7.906212e+11 2.921123e+24 7.153767e+15 5.248412e+15
   5.685  475.96008  244.563 1.409601e+19 7.851852e+11 2.953114e+24 7.790714e+15 5.303698e+15
   5.582  482.79520  245.435 1.424763e+19 7.793845e+11 2.984879e+24 8.439125e+15 5.360746e+15
   5.479  489.81973  246.300 1.440419e+19 7.770985e+11 3.017678e+24 9.143675e+15 5.419653e+15
   5.376  496.85962  247.164 1.456015e+19 7.793985e+11 3.050351e+24 9.917145e+15 5.478332e+15
   5.273  503.93988  248.018 1.471674e+19 7.816017e+11 3.083158e+24 1.070553e+16 5.535027e+15
   5.170  511.18179  248.836 1.487918e+19 7.859835e+11 3.117189e+24 1.154442e+16 5.596122e+15
   5.068  518.42371  249.653 1.504056e+19 7.910828e+11 3.150998e+24 1.241180e+16 5.656816e+15
   4.965  525.76599  250.458 1.520456e+19 7.962461e+11 3.185356e+24 1.329739e+16 5.718498e+15
   4.862  533.21588  251.249 1.537145e+19 8.007400e+11 3.220320e+24 1.424120e+16 5.778889e+15
   4.759  540.66577  252.040 1.553730e+19 8.050742e+11 3.255064e+24 1.520200e+16 5.841237e+15
   4.656  548.28497  252.822 1.570754e+19 8.086089e+11 3.290730e+24 1.622504e+16 5.905241e+15
   4.553  555.94910  253.601 1.587817e+19 8.097380e+11 3.326477e+24 1.736716e+16 5.969390e+15
   4.450  563.64362  254.375 1.604894e+19 8.107094e+11 3.362253e+24 1.853019e+16 6.030981e+15
   4.347  571.52673  255.119 1.622598e+19 8.096110e+11 3.399343e+24 1.978651e+16 6.097511e+15
   4.244  579.40991  255.862 1.640200e+19 8.069726e+11 3.436218e+24 2.110161e+16 6.163655e+15
   4.142  587.41284  256.601 1.658063e+19 8.041505e+11 3.473642e+24 2.244082e+16 6.230783e+15
   4.039  595.51794  257.337 1.676135e+19 7.995551e+11 3.511502e+24 2.373122e+16 6.295827e+15
   3.936  603.62384  258.073 1.694105e+19 7.946241e+11 3.549150e+24 2.504267e+16 6.363327e+15
   3.833  611.95209  258.808 1.712603e+19 7.896924e+11 3.587904e+24 2.650143e+16 6.432809e+15
   3.730  620.28040  259.542 1.730997e+19 7.844615e+11 3.626439e+24 2.810069e+16 6.498748e+15
   3.627  628.72845  260.268 1.749681e+19 7.790697e+11 3.665582e+24 2.974682e+16 6.568893e+15
   3.524  637.27905  260.986 1.768597e+19 7.735215e+11 3.705211e+24 3.177545e+16 6.639910e+15
   3.421  645.86346  261.701 1.787527e+19 7.676805e+11 3.744869e+24 3.384085e+16 6.710979e+15
   3.318  654.63336  262.396 1.806998e+19 7.613159e+11 3.785661e+24 3.615482e+16 6.780479e+15
   3.216  663.40326  263.091 1.826366e+19 7.543498e+11 3.826237e+24 3.861597e+16 6.853156e+15
   3.113  672.35669  263.771 1.846242e+19 7.475277e+11 3.867878e+24 4.126834e+16 6.927738e+15
   3.010  681.34106  264.449 1.866119e+19 7.408565e+11 3.909519e+24 4.421760e+16 6.998308e+15
   2.907  690.46002  265.140 1.886164e+19 7.343444e+11 3.951514e+24 4.729430e+16 7.073482e+15
   2.804  699.65204  265.839 1.906251e+19 7.299153e+11 3.993595e+24 5.083501e+16 7.148810e+15
   2.701  708.95142  266.544 1.926478e+19 7.254584e+11 4.035971e+24 5.445844e+16 7.220191e+15
   2.598  718.34467  267.255 1.946812e+19 7.259705e+11 4.078572e+24 5.858129e+16 7.296403e+15
   2.495  727.84021  267.939 1.967506e+19 7.265432e+11 4.121926e+24 6.278141e+16 7.373961e+15
   2.392  737.43182  268.600 1.988534e+19 7.319572e+11 4.165978e+24 6.654215e+16 7.447716e+15
   2.290  747.13983  269.169 2.010452e+19 7.377995e+11 4.211896e+24 7.035765e+16 7.529806e+15
   2.187  756.92651  269.677 2.032952e+19 7.452315e+11 4.259034e+24 7.386871e+16 7.614077e+15
   2.084  766.86157  270.165 2.055914e+19 7.529565e+11 4.307140e+24 7.745488e+16 7.694168e+15
   1.981  776.85022  270.647 2.078980e+19 7.610763e+11 4.355463e+24 8.109976e+16 7.780491e+15
   1.878  787.01306  271.129 2.102434e+19 7.704809e+11 4.404599e+24 8.481090e+16 7.861603e+15
   1.775  797.25537  271.621 2.125937e+19 7.808320e+11 4.453839e+24 8.857777e+16 7.949489e+15
   1.672  807.59747  272.126 2.149521e+19 7.950135e+11 4.503247e+24 9.217350e+16 8.037675e+15
   1.569  818.09772  272.639 2.173369e+19 8.106106e+11 4.553208e+24 9.570476e+16 8.119422e+15
   1.466  828.69135  273.163 2.197288e+19 8.277132e+11 4.603318e+24 9.913061e+16 8.208780e+15
   1.364  839.39056  273.701 2.221285e+19 8.408697e+11 4.653592e+24 1.029106e+17 8.290406e+15
   1.261  850.21478  274.256 2.245379e+19 8.505876e+11 4.704069e+24 1.069658e+17 8.380332e+15
   1.158  861.16888  274.796 2.269835e+19 8.593974e+11 4.755305e+24 1.111300e+17 8.463430e+15
   1.055  872.23474  275.325 2.294586e+19 8.705429e+11 4.807157e+24 1.152388e+17 8.555716e+15
   0.952  883.41687  275.866 2.319449e+19 8.854124e+11 4.859245e+24 1.192394e+17 8.640739e+15
   0.849  894.71753  276.436 2.344268e+19 9.010340e+11 4.911242e+24 1.226933e+17 8.733199e+15
   0.746  906.13654  277.057 2.368874e+19 9.146879e+11 4.962790e+24 1.252314e+17 8.818015e+15
   0.643  917.68024  277.700 2.393495e+19 9.252628e+11 5.014373e+24 1.271656e+17 8.904038e+15
   0.540  929.34015  278.308 2.418613e+19 9.320568e+11 5.066994e+24 1.294814e+17 8.997478e+15
   0.438  941.11334  279.022 2.442978e+19 9.300146e+11 5.118040e+24 1.340985e+17 9.084745e+15
   0.335  953.02759  279.859 2.466507e+19 9.123779e+11 5.167332e+24 1.404900e+17 9.171184e+15
   0.232  965.09290  280.569 2.491413e+19 8.521931e+11 5.219510e+24 1.507629e+17 9.265117e+15
   0.129  977.27197  280.936 2.519564e+19 7.799528e+11 5.278486e+24 1.620558e+17 9.373578e+15
