  65.324    0.13354  231.633 4.175802e+15 1.654180e+09 8.748305e+20 1.699257e+10 1.558318e+12
  60.324    0.25215  247.935 7.366160e+15 4.770911e+09 1.543210e+21 3.080860e+10 2.748946e+12
  55.324    0.47409  263.584 1.302747e+16 1.377345e+10 2.729255e+21 5.599596e+10 4.861825e+12
  50.324    0.89889  275.153 2.366202e+16 3.962658e+10 4.957193e+21 1.017090e+11 8.830877e+12
  45.324    1.67052  268.719 4.502662e+16 1.206538e+11 9.433078e+21 1.909330e+11 1.680567e+13
  40.324    3.10269  255.249 8.804229e+16 3.741159e+11 1.844486e+22 3.611993e+11 3.286855e+13
  39.824    3.32218  253.139 9.505642e+16 4.947164e+11 1.991432e+22 3.779505e+11 3.549371e+13
  39.329    3.55480  251.526 1.023642e+17 5.459547e+11 2.144530e+22 4.037758e+11 3.822347e+13
  38.833    3.80134  250.360 1.099737e+17 5.921764e+11 2.303949e+22 4.316450e+11 4.106618e+13
  38.337    4.05758  249.335 1.178691e+17 6.407324e+11 2.469358e+22 4.603336e+11 4.401584e+13
  37.841    4.34089  248.707 1.264176e+17 6.892616e+11 2.648449e+22 4.919274e+11 4.720943e+13
  37.346    4.62794  248.060 1.351287e+17 7.374968e+11 2.830947e+22 5.241327e+11 5.046381e+13
  36.850    4.95722  247.216 1.452375e+17 7.918266e+11 3.042726e+22 5.620158e+11 5.424045e+13
  36.354    5.28673  246.371 1.554227e+17 8.451962e+11 3.256106e+22 6.003881e+11 5.804595e+13
  35.858    5.67184  245.363 1.674291e+17 9.071773e+11 3.507640e+22 6.460872e+11 6.253174e+13
  35.363    6.05995  244.342 1.796336e+17 9.687149e+11 3.763323e+22 6.929172e+11 6.709190e+13
  34.867    6.50866  243.045 1.939647e+17 1.038034e+12 4.063561e+22 7.474261e+11 7.244686e+13
  34.371    6.97038  241.755 2.088326e+17 1.106347e+12 4.375044e+22 8.034550e+11 7.800290e+13
  33.875    7.48256  240.494 2.253524e+17 1.174920e+12 4.721133e+22 8.638634e+11 8.417663e+13
  33.380    8.02481  239.352 2.428372e+17 1.242600e+12 5.087439e+22 9.266901e+11 9.071145e+13
  32.884    8.60508  238.358 2.614824e+17 1.299838e+12 5.478055e+22 9.922608e+11 9.768110e+13
  32.388    9.24097  237.330 2.820216e+17 1.356484e+12 5.908353e+22 1.062268e+12 1.053593e+14
  31.892    9.90449  236.292 3.035987e+17 1.400121e+12 6.360393e+22 1.128964e+12 1.134266e+14
  31.397   10.63342  235.268 3.273614e+17 1.447094e+12 6.858222e+22 1.201728e+12 1.223126e+14
  30.901   11.40694  234.230 3.527307e+17 1.493447e+12 7.389708e+22 1.278369e+12 1.318004e+14
  30.405   12.21958  233.182 3.795584e+17 1.541523e+12 7.951749e+22 1.364475e+12 1.418361e+14
  29.909   13.13092  232.163 4.096558e+17 1.596116e+12 8.582289e+22 1.462302e+12 1.530966e+14
  29.414   14.10627  231.169 4.419771e+17 1.652745e+12 9.259420e+22 1.568124e+12 1.651912e+14
  28.918   15.15619  230.229 4.768108e+17 1.719571e+12 9.989187e+22 1.679708e+12 1.782306e+14
  28.422   16.32054  229.477 5.151249e+17 1.805297e+12 1.079187e+23 1.802377e+12 1.925759e+14
  27.926   17.60817  228.867 5.572479e+17 1.913251e+12 1.167434e+23 1.937248e+12 2.083527e+14
  27.431   19.00381  228.286 6.029450e+17 2.043046e+12 1.263170e+23 2.082707e+12 2.254738e+14
  26.935   20.50414  227.826 6.518596e+17 2.173508e+12 1.365646e+23 2.229890e+12 2.438113e+14
  26.439   22.10255  227.501 7.036798e+17 2.296509e+12 1.474209e+23 2.381892e+12 2.632470e+14
  25.943   23.80324  227.049 7.593343e+17 2.441767e+12 1.590805e+23 2.544347e+12 2.841332e+14
  25.448   25.62657  226.639 8.189791e+17 2.621658e+12 1.715761e+23 2.713148e+12 3.065280e+14
  24.952   27.58969  226.360 8.828020e+17 2.808547e+12 1.849470e+23 2.886322e+12 3.305109e+14
  24.456   29.69438  225.878 9.521752e+17 2.965183e+12 1.994807e+23 3.069583e+12 3.565985e+14
  23.960   31.95366  225.578 1.025986e+18 3.108123e+12 2.149440e+23 3.257430e+12 3.843867e+14
  23.465   34.38709  225.573 1.104142e+18 3.327895e+12 2.313178e+23 3.439069e+12 4.138407e+14
  22.969   37.01909  225.886 1.187009e+18 3.622332e+12 2.486783e+23 3.622169e+12 4.451037e+14
  22.473   39.87578  226.290 1.276320e+18 3.892063e+12 2.673891e+23 3.828775e+12 4.788724e+14
  21.977   42.98135  226.535 1.374237e+18 4.062978e+12 2.879027e+23 4.040339e+12 5.159380e+14
  21.482   46.35192  226.674 1.481092e+18 4.080039e+12 3.102887e+23 4.279277e+12 5.564444e+14
  20.986   50.00884  226.698 1.597779e+18 4.017015e+12 3.347347e+23 4.547966e+12 6.007847e+14
  20.490   53.91721  226.861 1.721410e+18 4.002615e+12 3.606354e+23 4.838962e+12 6.478498e+14
  20.191   56.37985  227.047 1.798557e+18 3.935331e+12 3.767976e+23 5.031013e+12 6.774004e+14
  20.088   57.27225  227.136 1.826316e+18 3.866159e+12 3.826131e+23 5.101136e+12 6.881320e+14
  19.985   58.16462  227.224 1.854053e+18 3.855989e+12 3.884241e+23 5.176415e+12 6.987321e+14
  19.882   59.05701  227.312 1.881769e+18 3.843714e+12 3.942306e+23 5.251570e+12 7.093285e+14
  19.779   59.95965  227.399 1.909799e+18 3.830011e+12 4.001030e+23 5.327536e+12 7.200482e+14
  19.676   60.90359  227.481 1.939162e+18 3.819618e+12 4.062545e+23 5.408567e+12 7.312811e+14
  19.573   61.84756  227.564 1.968504e+18 3.808302e+12 4.124016e+23 5.490132e+12 7.425139e+14
  19.471   62.79151  227.646 1.997825e+18 3.794886e+12 4.185443e+23 5.571630e+12 7.537437e+14
  19.368   63.75404  227.715 2.027835e+18 3.780696e+12 4.248314e+23 5.655041e+12 7.652385e+14
  19.265   64.75278  227.758 2.059214e+18 3.764033e+12 4.314054e+23 5.742381e+12 7.772640e+14
  19.162   65.75151  227.801 2.090581e+18 3.744499e+12 4.379768e+23 5.829702e+12 7.892846e+14
  19.059   66.75024  227.844 2.121937e+18 3.722639e+12 4.445457e+23 5.916988e+12 8.012977e+14
  18.956   67.78094  227.889 2.154276e+18 3.700448e+12 4.513208e+23 6.006930e+12 8.136879e+14
  18.853   68.83720  227.936 2.187397e+18 3.682147e+12 4.582596e+23 6.097635e+12 8.263886e+14
  18.750   69.89349  227.983 2.220505e+18 3.661548e+12 4.651958e+23 6.188255e+12 8.390904e+14
  18.647   70.94975  228.029 2.253599e+18 3.638649e+12 4.721290e+23 6.278784e+12 8.517925e+14
  18.545   72.05684  228.067 2.288385e+18 3.621241e+12 4.794166e+23 6.375423e+12 8.651375e+14
  18.442   73.17363  228.103 2.323484e+18 3.612115e+12 4.867700e+23 6.475776e+12 8.786140e+14
  18.339   74.29040  228.139 2.358573e+18 3.601019e+12 4.941209e+23 6.576175e+12 8.920924e+14
  18.236   75.41920  228.173 2.394058e+18 3.588565e+12 5.015552e+23 6.677759e+12 9.057275e+14
  18.133   76.60078  228.195 2.431329e+18 3.564856e+12 5.093633e+23 6.789827e+12 9.200529e+14
  18.030   77.78233  228.217 2.468592e+18 3.533153e+12 5.171699e+23 6.904645e+12 9.343768e+14
  17.927   78.96391  228.239 2.505848e+18 3.498834e+12 5.249751e+23 7.019770e+12 9.486995e+14
  17.824   80.18610  228.275 2.544238e+18 3.461448e+12 5.330179e+23 7.138108e+12 9.634595e+14
  17.721   81.43664  228.319 2.583412e+18 3.401530e+12 5.412249e+23 7.255919e+12 9.785351e+14
  17.618   82.68719  228.364 2.622572e+18 3.338160e+12 5.494289e+23 7.373931e+12 9.936128e+14
  17.516   83.94102  228.410 2.661803e+18 3.271442e+12 5.576477e+23 7.492383e+12 1.008700e+15
  17.413   85.26411  228.486 2.702854e+18 3.216573e+12 5.662479e+23 7.612480e+12 1.024474e+15
  17.310   86.58723  228.563 2.743879e+18 3.169581e+12 5.748426e+23 7.729492e+12 1.040250e+15
  17.207   87.91032  228.639 2.784875e+18 3.119695e+12 5.834313e+23 7.846469e+12 1.056022e+15
  17.104   89.27438  228.744 2.826789e+18 3.069761e+12 5.922124e+23 7.966136e+12 1.072150e+15
  17.001   90.67242  228.873 2.869444e+18 3.055308e+12 6.011486e+23 8.089193e+12 1.088590e+15
  16.898   92.07044  229.001 2.912050e+18 3.038997e+12 6.100746e+23 8.212198e+12 1.105024e+15
  16.795   93.47482  229.132 2.954777e+18 3.021005e+12 6.190258e+23 8.335627e+12 1.121511e+15
  16.692   94.94811  229.291 2.999271e+18 3.015984e+12 6.283474e+23 8.463914e+12 1.138686e+15
  16.590   96.42139  229.450 3.043704e+18 3.018791e+12 6.376559e+23 8.591953e+12 1.155848e+15
  16.487   97.89466  229.609 3.088074e+18 3.020316e+12 6.469515e+23 8.719895e+12 1.172904e+15
  16.384   99.41545  229.742 3.134222e+18 3.023486e+12 6.566195e+23 8.852341e+12 1.190642e+15
  16.281  100.96196  229.862 3.181313e+18 3.033016e+12 6.664852e+23 8.984063e+12 1.208755e+15
  16.178  102.50847  229.983 3.228356e+18 3.041438e+12 6.763404e+23 9.115608e+12 1.226855e+15
  16.075  104.07214  230.076 3.276266e+18 3.049606e+12 6.863777e+23 9.249566e+12 1.245297e+15
  15.972  105.69409  230.080 3.327270e+18 3.061061e+12 6.970631e+23 9.390004e+12 1.264939e+15
  15.869  107.31602  230.084 3.378271e+18 3.071990e+12 7.077479e+23 9.529485e+12 1.284590e+15
  15.766  108.93798  230.088 3.429272e+18 3.081831e+12 7.184325e+23 9.668828e+12 1.304249e+15
  15.664  110.62669  230.132 3.481763e+18 3.094135e+12 7.294293e+23 9.811468e+12 1.324487e+15
  15.561  112.33012  230.185 3.534560e+18 3.110474e+12 7.404904e+23 9.953151e+12 1.344903e+15
  15.458  114.03356  230.238 3.587333e+18 3.125878e+12 7.515464e+23 1.009455e+13 1.365322e+15
  15.355  115.77476  230.302 3.641098e+18 3.141223e+12 7.628100e+23 1.023853e+13 1.386129e+15
  15.252  117.56582  230.381 3.696170e+18 3.159772e+12 7.743477e+23 1.039330e+13 1.407461e+15
  15.149  119.35686  230.459 3.751205e+18 3.177652e+12 7.858774e+23 1.054852e+13 1.428659e+15
  15.046  121.15424  230.536 3.806420e+18 3.194829e+12 7.974450e+23 1.070426e+13 1.449791e+15
  14.943  123.03885  230.596 3.864622e+18 3.208018e+12 8.096383e+23 1.086810e+13 1.472067e+15
  14.840  124.92347  230.656 3.922793e+18 3.215767e+12 8.218251e+23 1.103163e+13 1.494337e+15
  14.738  126.80807  230.716 3.980934e+18 3.222288e+12 8.340056e+23 1.119508e+13 1.516608e+15
  14.635  128.76515  230.769 4.041447e+18 3.225498e+12 8.466832e+23 1.137144e+13 1.539925e+15
  14.532  130.74869  230.820 4.102809e+18 3.214589e+12 8.595385e+23 1.157129e+13 1.563585e+15
  14.429  132.73221  230.870 4.164144e+18 3.201869e+12 8.723882e+23 1.177188e+13 1.587243e+15
  14.326  134.75996  230.924 4.226761e+18 3.188326e+12 8.855065e+23 1.197691e+13 1.611398e+15
  14.223  136.84662  230.985 4.291087e+18 3.174136e+12 8.989827e+23 1.217595e+13 1.636079e+15
  14.120  138.93329  231.045 4.355381e+18 3.158036e+12 9.124522e+23 1.237449e+13 1.660681e+15
  14.017  141.03635  231.105 4.420173e+18 3.140412e+12 9.260263e+23 1.257492e+13 1.685476e+15
  13.914  143.22856  231.158 4.487831e+18 3.129515e+12 9.402006e+23 1.278707e+13 1.711369e+15
  13.812  145.42076  231.212 4.555457e+18 3.120352e+12 9.543682e+23 1.300137e+13 1.737269e+15
  13.709  147.61298  231.266 4.623052e+18 3.109497e+12 9.685294e+23 1.321622e+13 1.763192e+15
  13.606  149.90147  231.317 4.693689e+18 3.102184e+12 9.833279e+23 1.343609e+13 1.790282e+15
  13.503  152.19955  231.368 4.764602e+18 3.098085e+12 9.981841e+23 1.365094e+13 1.817486e+15
  13.400  154.49760  231.419 4.835482e+18 3.092449e+12 1.013034e+24 1.386605e+13 1.844682e+15
  13.297  156.87083  231.471 4.908661e+18 3.088658e+12 1.028365e+24 1.410410e+13 1.872599e+15
  13.194  159.27859  231.523 4.982875e+18 3.092543e+12 1.043912e+24 1.441722e+13 1.900911e+15
  13.091  161.68634  231.575 5.057055e+18 3.095133e+12 1.059453e+24 1.473323e+13 1.929210e+15
  12.988  164.15021  231.633 5.132833e+18 3.097411e+12 1.075329e+24 1.505689e+13 1.958118e+15
  12.886  166.67432  231.697 5.210320e+18 3.116895e+12 1.091562e+24 1.539150e+13 1.987625e+15
  12.783  169.19846  231.761 5.287765e+18 3.135862e+12 1.107787e+24 1.572922e+13 2.017169e+15
  12.680  171.75967  231.844 5.365885e+18 3.154425e+12 1.124153e+24 1.607216e+13 2.046970e+15
  12.577  174.40617  231.971 5.445588e+18 3.184441e+12 1.140851e+24 1.643169e+13 2.077375e+15
  12.474  177.05264  232.098 5.525202e+18 3.216730e+12 1.157530e+24 1.679662e+13 2.107515e+15
  12.371  179.71819  232.231 5.605166e+18 3.248812e+12 1.174282e+24 1.716622e+13 2.138017e+15
  12.268  182.49182  232.401 5.687499e+18 3.284734e+12 1.191531e+24 1.757704e+13 2.169421e+15
  12.165  185.26544  232.572 5.769712e+18 3.321824e+12 1.208755e+24 1.800864e+13 2.200780e+15
  12.062  188.04195  232.742 5.851902e+18 3.358604e+12 1.225973e+24 1.844522e+13 2.230951e+15
  11.959  190.94557  232.896 5.938325e+18 3.399468e+12 1.244079e+24 1.895748e+13 2.263898e+15
  11.857  193.84920  233.050 6.024635e+18 3.441831e+12 1.262161e+24 1.952945e+13 2.296803e+15
  11.754  196.75285  233.205 6.110831e+18 3.483927e+12 1.280219e+24 2.010954e+13 2.329664e+15
  11.651  199.77623  233.358 6.200649e+18 3.530273e+12 1.299036e+24 2.064749e+13 2.363905e+15
  11.548  202.81050  233.512 6.290689e+18 3.579994e+12 1.317899e+24 2.110425e+13 2.396370e+15
  11.445  205.84474  233.665 6.380609e+18 3.629604e+12 1.336738e+24 2.156510e+13 2.430625e+15
  11.342  208.99174  233.815 6.474002e+18 3.677953e+12 1.356303e+24 2.211090e+13 2.466202e+15
  11.239  212.16177  233.965 6.568010e+18 3.719954e+12 1.375998e+24 2.280653e+13 2.502013e+15
  11.136  215.33177  234.114 6.661898e+18 3.761560e+12 1.395668e+24 2.351246e+13 2.534923e+15
  11.033  218.61232  234.167 6.761840e+18 3.800777e+12 1.416606e+24 2.446421e+13 2.572952e+15
  10.931  221.92729  234.191 6.863673e+18 3.824951e+12 1.437939e+24 2.604870e+13 2.611701e+15
  10.828  225.24223  234.215 6.965484e+18 3.848131e+12 1.459269e+24 2.766920e+13 2.650441e+15
  10.725  228.66769  234.190 7.072192e+18 3.866907e+12 1.481624e+24 2.925074e+13 2.687272e+15
  10.622  232.13672  234.144 7.180870e+18 3.863234e+12 1.504392e+24 3.052740e+13 2.728567e+15
  10.519  235.60570  234.099 7.289589e+18 3.857674e+12 1.527169e+24 3.182927e+13 2.769878e+15
  10.416  239.18820  234.025 7.402772e+18 3.845122e+12 1.550881e+24 3.387418e+13 2.812885e+15
  10.313  242.81982  233.938 7.517946e+18 3.800928e+12 1.575010e+24 3.884572e+13 2.852656e+15
  10.210  246.45140  233.852 7.633206e+18 3.753587e+12 1.599156e+24 4.395397e+13 2.896391e+15
  10.107  250.20334  233.680 7.755118e+18 3.702144e+12 1.624697e+24 4.971989e+13 2.942650e+15
  10.005  254.00533  233.472 7.879963e+18 3.632558e+12 1.650852e+24 5.753797e+13 2.990022e+15
   9.902  257.80731  233.265 8.005030e+18 3.558978e+12 1.677054e+24 6.558016e+13 3.037478e+15
   9.799  261.74191  233.175 8.130336e+18 3.484687e+12 1.703305e+24 7.186346e+13 3.080330e+15
   9.696  265.72235  233.125 8.255726e+18 3.416798e+12 1.729575e+24 7.204631e+13 3.127837e+15
   9.593  269.70282  233.076 8.381169e+18 3.345235e+12 1.755855e+24 7.220152e+13 3.175363e+15
   9.490  273.83389  233.035 8.511045e+18 3.263845e+12 1.783064e+24 7.235183e+13 3.224569e+15
   9.387  278.00040  232.996 8.641995e+18 3.161064e+12 1.810498e+24 7.244890e+13 3.270371e+15
   9.284  282.16690  232.957 8.772990e+18 3.053661e+12 1.837941e+24 7.251554e+13 3.319943e+15
   9.181  286.50674  233.061 8.903946e+18 2.943618e+12 1.865377e+24 7.357479e+13 3.369500e+15
   9.079  290.86465  233.180 9.034771e+18 2.831942e+12 1.892785e+24 7.615280e+13 3.419008e+15
   8.976  295.22839  233.300 9.165600e+18 2.715779e+12 1.920193e+24 7.877420e+13 3.464204e+15
   8.873  299.78030  233.455 9.300704e+18 2.617072e+12 1.948497e+24 9.335815e+13 3.515267e+15
   8.770  304.33228  233.611 9.435628e+18 2.532946e+12 1.976764e+24 1.190158e+14 3.566263e+15
   8.667  308.91995  233.758 9.571838e+18 2.445655e+12 2.005300e+24 1.453882e+14 3.617744e+15
   8.564  313.67148  233.866 9.714611e+18 2.401785e+12 2.035211e+24 1.722905e+14 3.668901e+15
   8.461  318.42297  233.973 9.857255e+18 2.377254e+12 2.065095e+24 1.997791e+14 3.722773e+15
   8.358  323.24774  234.024 1.000443e+19 2.352057e+12 2.095928e+24 2.280937e+14 3.778357e+15
   8.255  328.20715  233.972 1.016019e+19 2.360464e+12 2.128559e+24 2.417925e+14 3.837181e+15
   8.153  333.16660  233.919 1.031601e+19 2.373906e+12 2.161204e+24 2.530624e+14 3.893009e+15
   8.050  338.24387  233.671 1.048434e+19 2.385769e+12 2.196469e+24 2.676040e+14 3.956532e+15
   7.947  343.41772  233.263 1.066336e+19 2.326318e+12 2.233973e+24 3.358810e+14 4.024088e+15
   7.844  348.59155  232.854 1.084300e+19 2.263634e+12 2.271608e+24 4.063209e+14 4.091882e+15
   7.741  353.93347  232.443 1.102866e+19 2.183709e+12 2.310503e+24 5.144206e+14 4.159269e+15
   7.638  359.32544  232.030 1.121657e+19 2.058930e+12 2.349872e+24 7.226640e+14 4.230140e+15
   7.535  364.72025  231.624 1.140493e+19 1.928797e+12 2.389333e+24 9.376265e+14 4.301175e+15
   7.432  370.32993  231.703 1.157639e+19 1.805057e+12 2.425253e+24 1.180524e+15 4.365837e+15
   7.329  375.93961  231.783 1.174772e+19 1.690683e+12 2.461148e+24 1.452252e+15 4.428068e+15
   7.227  381.60727  231.999 1.191369e+19 1.571485e+12 2.495919e+24 1.730618e+15 4.490627e+15
   7.124  387.42914  232.582 1.206518e+19 1.407266e+12 2.527656e+24 2.010270e+15 4.547728e+15
   7.021  393.25107  233.164 1.221591e+19 1.226678e+12 2.559233e+24 2.295218e+15 4.604542e+15
   6.918  399.18292  233.910 1.236061e+19 1.047382e+12 2.589547e+24 2.587178e+15 4.656704e+15
   6.815  405.20660  234.794 1.249991e+19 1.006507e+12 2.618730e+24 2.924009e+15 4.709184e+15
   6.712  411.23032  235.677 1.263817e+19 9.643779e+11 2.647696e+24 3.267429e+15 4.761272e+15
   6.609  417.41876  236.543 1.278141e+19 9.360078e+11 2.677706e+24 3.621110e+15 4.815238e+15
   6.506  423.64313  237.404 1.292493e+19 9.379345e+11 2.707773e+24 3.986342e+15 4.867136e+15
   6.403  429.88766  238.266 1.306803e+19 9.396406e+11 2.737752e+24 4.358641e+15 4.921023e+15
   6.300  436.31708  239.126 1.321578e+19 9.200467e+11 2.768706e+24 4.734383e+15 4.976661e+15
   6.198  442.74649  239.986 1.336247e+19 8.851529e+11 2.799437e+24 5.113345e+15 5.031900e+15
   6.095  449.25415  240.853 1.351006e+19 8.493252e+11 2.830357e+24 5.499843e+15 5.085334e+15
   5.992  455.89102  241.732 1.365978e+19 8.194298e+11 2.861724e+24 5.930356e+15 5.141691e+15
   5.889  462.52789  242.611 1.380842e+19 7.895744e+11 2.892865e+24 6.373555e+15 5.197641e+15
   5.786  469.30069  243.495 1.395974e+19 7.611892e+11 2.924566e+24 6.837806e+15 5.254599e+15
   5.683  476.14478  244.382 1.411192e+19 7.438371e+11 2.956448e+24 7.374338e+15 5.309686e+15
   5.580  482.98883  245.269 1.426301e+19 7.258759e+11 2.988100e+24 7.920222e+15 5.366530e+15
   5.477  490.02292  246.141 1.441945e+19 7.154351e+11 3.020875e+24 8.544781e+15 5.425395e+15
   5.374  497.07050  247.012 1.457525e+19 7.148619e+11 3.053515e+24 9.267174e+15 5.484015e+15
   5.272  504.16016  247.879 1.473144e+19 7.141299e+11 3.086237e+24 1.000330e+16 5.540555e+15
   5.169  511.40781  248.730 1.489210e+19 7.233396e+11 3.119894e+24 1.088128e+16 5.600979e+15
   5.066  518.65546  249.581 1.505166e+19 7.366095e+11 3.153322e+24 1.182657e+16 5.660990e+15
   4.963  526.00488  250.417 1.521400e+19 7.501338e+11 3.187334e+24 1.279177e+16 5.722049e+15
   4.860  533.45880  251.237 1.537923e+19 7.658876e+11 3.221949e+24 1.382202e+16 5.781814e+15
   4.757  540.91272  252.057 1.554339e+19 7.817641e+11 3.256340e+24 1.487069e+16 5.843528e+15
   4.654  548.53705  252.828 1.571441e+19 7.959958e+11 3.292170e+24 1.592481e+16 5.907824e+15
   4.551  556.20386  253.586 1.588638e+19 8.053283e+11 3.328196e+24 1.695096e+16 5.972473e+15
   4.448  563.90308  254.344 1.605829e+19 8.146719e+11 3.364212e+24 1.799550e+16 6.034495e+15
   4.346  571.78802  255.097 1.623479e+19 8.216805e+11 3.401189e+24 1.907484e+16 6.100822e+15
   4.243  579.67297  255.849 1.641026e+19 8.271789e+11 3.437949e+24 2.017809e+16 6.166759e+15
   4.140  587.67950  256.584 1.658926e+19 8.325687e+11 3.475449e+24 2.130786e+16 6.234024e+15
   4.037  595.78625  257.305 1.677100e+19 8.337445e+11 3.513524e+24 2.251706e+16 6.299451e+15
   3.934  603.89545  258.026 1.695179e+19 8.347014e+11 3.551399e+24 2.374609e+16 6.367359e+15
   3.831  612.22583  258.749 1.713757e+19 8.336146e+11 3.590320e+24 2.512100e+16 6.437141e+15
   3.728  620.55627  259.473 1.732231e+19 8.302089e+11 3.629024e+24 2.663225e+16 6.503379e+15
   3.625  629.00897  260.189 1.750991e+19 8.265945e+11 3.668327e+24 2.818554e+16 6.573812e+15
   3.522  637.56329  260.900 1.769972e+19 8.211454e+11 3.708091e+24 3.000012e+16 6.645072e+15
   3.420  646.15338  261.606 1.788974e+19 8.153969e+11 3.747900e+24 3.184744e+16 6.716411e+15
   3.317  654.92987  262.294 1.808520e+19 8.090717e+11 3.788849e+24 3.385613e+16 6.786189e+15
   3.214  663.70624  262.982 1.827963e+19 8.021077e+11 3.829583e+24 3.596030e+16 6.859148e+15
   3.111  672.67114  263.652 1.847943e+19 7.950561e+11 3.871441e+24 3.818513e+16 6.934119e+15
   3.008  681.66608  264.320 1.867923e+19 7.876892e+11 3.913299e+24 4.057852e+16 7.005074e+15
   2.905  690.80060  264.972 1.888293e+19 7.804882e+11 3.955974e+24 4.309086e+16 7.081466e+15
   2.802  700.00861  265.616 1.908821e+19 7.749095e+11 3.998980e+24 4.602285e+16 7.158451e+15
   2.699  709.32898  266.256 1.929588e+19 7.692567e+11 4.042487e+24 4.903611e+16 7.231848e+15
   2.596  718.74377  266.892 1.950539e+19 7.663225e+11 4.086379e+24 5.259957e+16 7.310369e+15
   2.494  728.26532  267.494 1.971933e+19 7.634353e+11 4.131200e+24 5.624705e+16 7.390552e+15
   2.391  737.88177  268.065 1.993716e+19 7.643912e+11 4.176834e+24 6.018168e+16 7.467124e+15
   2.288  747.61853  268.616 2.015880e+19 7.659445e+11 4.223268e+24 6.424571e+16 7.550136e+15
   2.185  757.43073  269.155 2.038252e+19 7.722431e+11 4.270137e+24 6.874251e+16 7.628066e+15
   2.082  767.39362  269.531 2.062178e+19 7.800073e+11 4.320262e+24 7.329892e+16 7.717608e+15
   1.979  777.40961  269.903 2.086214e+19 7.899741e+11 4.370618e+24 7.776027e+16 7.807564e+15
   1.876  787.59088  270.664 2.107595e+19 7.984436e+11 4.415411e+24 8.241508e+16 7.880900e+15
   1.773  797.85272  271.385 2.129386e+19 8.067101e+11 4.461063e+24 8.731836e+16 7.962384e+15
   1.670  808.20587  272.060 2.151665e+19 8.130132e+11 4.507737e+24 9.185483e+16 8.038338e+15
   1.568  818.71393  272.686 2.174635e+19 8.215306e+11 4.555860e+24 9.621316e+16 8.124151e+15
   1.465  829.31128  273.306 2.197785e+19 8.328450e+11 4.604360e+24 1.002900e+17 8.210639e+15
   1.362  840.00983  273.934 2.221032e+19 8.511072e+11 4.653062e+24 1.033089e+17 8.289462e+15
   1.259  850.82581  274.611 2.244089e+19 8.728626e+11 4.701367e+24 1.055021e+17 8.375518e+15
   1.156  861.77130  275.237 2.267783e+19 8.961501e+11 4.751005e+24 1.075586e+17 8.455778e+15
   1.053  872.82568  275.842 2.291839e+19 9.173607e+11 4.801402e+24 1.099121e+17 8.545473e+15
   0.950  883.99377  276.435 2.316184e+19 9.319816e+11 4.852406e+24 1.124209e+17 8.628577e+15
   0.847  895.27814  277.035 2.340673e+19 9.368603e+11 4.903709e+24 1.154017e+17 8.719804e+15
   0.744  906.67908  277.655 2.365185e+19 9.338932e+11 4.955063e+24 1.195668e+17 8.804285e+15
   0.642  918.20422  278.304 2.389659e+19 9.233526e+11 5.006335e+24 1.254910e+17 8.889765e+15
   0.539  929.84430  278.914 2.414663e+19 9.078743e+11 5.058720e+24 1.326682e+17 8.982785e+15
   0.436  941.59985  279.459 2.440424e+19 8.926967e+11 5.112689e+24 1.410542e+17 9.075248e+15
   0.333  953.49908  280.015 2.466359e+19 8.857569e+11 5.167022e+24 1.503837e+17 9.170656e+15
   0.230  965.55267  280.648 2.491902e+19 8.839999e+11 5.220535e+24 1.595090e+17 9.267029e+15
   0.127  977.72095  281.330 2.517188e+19 8.798239e+11 5.273509e+24 1.650457e+17 9.364945e+15
