  65.326    0.13373  231.919 4.176399e+15 1.649121e+09 8.749556e+20 1.700231e+10 1.558541e+12
  60.326    0.25239  247.913 7.373878e+15 4.752747e+09 1.544828e+21 3.083491e+10 2.751827e+12
  55.326    0.47434  264.358 1.299623e+16 1.369590e+10 2.722709e+21 5.585845e+10 4.850164e+12
  50.326    0.89908  274.864 2.369169e+16 3.952625e+10 4.963408e+21 1.017900e+11 8.841950e+12
  45.326    1.67031  268.866 4.499643e+16 1.202404e+11 9.426752e+21 1.903745e+11 1.679440e+13
  40.326    3.10281  255.463 8.797203e+16 3.741917e+11 1.843014e+22 3.604910e+11 3.284231e+13
  39.826    3.32242  253.450 9.494637e+16 4.921444e+11 1.989126e+22 3.770093e+11 3.545262e+13
  39.331    3.55510  251.847 1.022428e+17 5.426642e+11 2.141987e+22 4.031424e+11 3.817814e+13
  38.835    3.80161  250.606 1.098735e+17 5.889151e+11 2.301850e+22 4.310931e+11 4.102877e+13
  38.339    4.05782  249.452 1.178207e+17 6.376777e+11 2.468345e+22 4.599826e+11 4.399778e+13
  37.843    4.34093  248.538 1.265046e+17 6.866415e+11 2.650272e+22 4.920975e+11 4.724193e+13
  37.348    4.62778  247.640 1.353533e+17 7.352386e+11 2.835651e+22 5.248271e+11 5.054766e+13
  36.852    4.95679  246.916 1.454014e+17 7.887047e+11 3.046159e+22 5.625731e+11 5.430166e+13
  36.356    5.28591  246.191 1.555120e+17 8.410251e+11 3.257977e+22 6.008558e+11 5.807929e+13
  35.860    5.67081  245.360 1.674005e+17 9.015274e+11 3.507041e+22 6.462131e+11 6.252107e+13
  35.365    6.05850  244.519 1.794608e+17 9.612675e+11 3.759705e+22 6.924952e+11 6.702739e+13
  34.869    6.50710  243.440 1.936028e+17 1.028991e+12 4.055979e+22 7.462344e+11 7.231170e+13
  34.373    6.96852  242.285 2.083200e+17 1.096405e+12 4.364303e+22 8.015839e+11 7.781139e+13
  33.877    7.48076  240.822 2.249917e+17 1.165011e+12 4.713577e+22 8.627116e+11 8.404188e+13
  33.382    8.02292  239.396 2.427352e+17 1.232806e+12 5.085302e+22 9.267808e+11 9.067333e+13
  32.886    8.60343  238.017 2.618070e+17 1.286759e+12 5.484857e+22 9.920391e+11 9.780237e+13
  32.390    9.23947  236.902 2.824846e+17 1.338643e+12 5.918053e+22 1.060337e+12 1.055322e+14
  31.894    9.90322  235.908 3.040538e+17 1.379873e+12 6.369928e+22 1.124956e+12 1.135967e+14
  31.398   10.63247  235.139 3.275113e+17 1.427462e+12 6.861361e+22 1.197458e+12 1.223686e+14
  30.903   11.40614  234.318 3.525731e+17 1.477990e+12 7.386406e+22 1.276106e+12 1.317415e+14
  30.407   12.21886  233.451 3.790977e+17 1.529218e+12 7.942096e+22 1.363206e+12 1.416639e+14
  29.911   13.13014  232.301 4.093872e+17 1.587024e+12 8.576662e+22 1.462499e+12 1.529962e+14
  29.415   14.10518  231.173 4.419354e+17 1.644554e+12 9.258547e+22 1.568309e+12 1.651756e+14
  28.920   15.15454  230.127 4.769711e+17 1.711889e+12 9.992545e+22 1.679817e+12 1.782905e+14
  28.424   16.31826  229.442 5.151304e+17 1.792358e+12 1.079198e+23 1.801089e+12 1.925779e+14
  27.928   17.60474  228.931 5.569821e+17 1.890145e+12 1.166878e+23 1.933767e+12 2.082533e+14
  27.432   18.99907  228.535 6.021381e+17 2.006572e+12 1.261479e+23 2.075819e+12 2.251720e+14
  26.937   20.49821  228.103 6.508808e+17 2.140163e+12 1.363595e+23 2.225815e+12 2.434450e+14
  26.441   22.09573  227.533 7.033649e+17 2.270576e+12 1.473550e+23 2.379580e+12 2.631290e+14
  25.945   23.79590  226.969 7.593671e+17 2.407752e+12 1.590874e+23 2.541359e+12 2.841451e+14
  25.449   25.61968  226.558 8.190523e+17 2.578169e+12 1.715915e+23 2.710995e+12 3.065551e+14
  24.954   27.58302  226.130 8.834866e+17 2.773409e+12 1.850905e+23 2.888126e+12 3.307669e+14
  24.458   29.68801  225.917 9.518091e+17 2.939281e+12 1.994040e+23 3.069479e+12 3.564609e+14
  23.962   31.94733  225.795 1.024795e+18 3.065272e+12 2.146946e+23 3.260505e+12 3.839402e+14
  23.466   34.38034  225.756 1.103029e+18 3.249052e+12 2.310846e+23 3.453330e+12 4.134230e+14
  22.971   37.01130  225.881 1.186782e+18 3.524647e+12 2.486309e+23 3.643029e+12 4.450181e+14
  22.475   39.86623  226.237 1.276316e+18 3.816289e+12 2.673882e+23 3.846392e+12 4.788699e+14
  21.979   42.96936  226.578 1.373590e+18 4.019981e+12 2.877670e+23 4.057455e+12 5.156938e+14
  21.483   46.33695  226.662 1.480694e+18 4.077465e+12 3.102054e+23 4.284120e+12 5.562931e+14
  20.988   49.98991  226.819 1.596318e+18 4.024802e+12 3.344286e+23 4.547886e+12 6.002327e+14
  20.492   53.89613  226.970 1.719907e+18 4.008234e+12 3.603206e+23 4.841334e+12 6.472814e+14
  20.193   56.35736  227.040 1.797899e+18 3.951495e+12 3.766598e+23 5.035664e+12 6.771492e+14
  20.090   57.24985  227.085 1.826006e+18 3.884557e+12 3.825483e+23 5.106639e+12 6.880117e+14
  19.987   58.14235  227.131 1.854103e+18 3.870521e+12 3.884345e+23 5.182209e+12 6.987470e+14
  19.884   59.03483  227.176 1.882187e+18 3.854225e+12 3.943182e+23 5.257655e+12 7.094826e+14
  19.781   59.93633  227.228 1.910489e+18 3.836128e+12 4.002474e+23 5.333615e+12 7.203043e+14
  19.678   60.88054  227.314 1.939850e+18 3.822407e+12 4.063986e+23 5.413699e+12 7.315365e+14
  19.575   61.82474  227.401 1.969189e+18 3.808675e+12 4.125451e+23 5.494283e+12 7.427683e+14
  19.472   62.76897  227.487 1.998507e+18 3.792770e+12 4.186872e+23 5.574767e+12 7.539969e+14
  19.370   63.73050  227.571 2.028373e+18 3.775758e+12 4.249442e+23 5.656744e+12 7.654377e+14
  19.267   64.72961  227.650 2.059458e+18 3.762115e+12 4.314565e+23 5.743302e+12 7.773517e+14
  19.164   65.72871  227.728 2.090521e+18 3.747034e+12 4.379641e+23 5.830075e+12 7.892579e+14
  19.061   66.72782  227.807 2.121562e+18 3.729781e+12 4.444673e+23 5.916793e+12 8.011523e+14
  18.958   67.75761  227.874 2.153674e+18 3.712289e+12 4.511947e+23 6.006486e+12 8.134564e+14
  18.855   68.81429  227.930 2.186725e+18 3.695561e+12 4.581189e+23 6.098344e+12 8.261307e+14
  18.752   69.87095  227.986 2.219759e+18 3.676576e+12 4.650395e+23 6.190145e+12 8.388042e+14
  18.649   70.92760  228.041 2.252777e+18 3.655340e+12 4.719568e+23 6.281891e+12 8.514776e+14
  18.546   72.03381  228.101 2.287314e+18 3.637508e+12 4.791923e+23 6.378033e+12 8.647285e+14
  18.443   73.15093  228.161 2.322171e+18 3.624913e+12 4.864948e+23 6.475427e+12 8.781132e+14
  18.341   74.26808  228.222 2.357010e+18 3.610248e+12 4.937936e+23 6.572777e+12 8.914973e+14
  18.238   75.39594  228.281 2.392186e+18 3.594047e+12 5.011630e+23 6.671072e+12 9.050150e+14
  18.135   76.57781  228.333 2.429132e+18 3.576603e+12 5.089031e+23 6.779128e+12 9.192172e+14
  18.032   77.75966  228.385 2.466060e+18 3.556005e+12 5.166395e+23 6.889740e+12 9.334145e+14
  17.929   78.94151  228.437 2.502971e+18 3.533139e+12 5.243725e+23 7.000531e+12 9.476064e+14
  17.826   80.16268  228.472 2.541304e+18 3.507825e+12 5.324031e+23 7.115789e+12 9.623437e+14
  17.723   81.41345  228.494 2.580709e+18 3.452490e+12 5.406585e+23 7.237806e+12 9.775065e+14
  17.620   82.66425  228.515 2.620107e+18 3.393796e+12 5.489123e+23 7.360160e+12 9.926741e+14
  17.517   83.91699  228.537 2.659562e+18 3.331826e+12 5.571784e+23 7.483034e+12 1.007847e+15
  17.415   85.24026  228.546 2.701389e+18 3.271056e+12 5.659410e+23 7.608939e+12 1.023915e+15
  17.312   86.56355  228.556 2.743213e+18 3.208313e+12 5.747031e+23 7.731441e+12 1.039994e+15
  17.209   87.88683  228.565 2.785032e+18 3.142105e+12 5.834642e+23 7.854075e+12 1.056078e+15
  17.106   89.24975  228.605 2.827734e+18 3.074738e+12 5.924103e+23 7.979239e+12 1.072504e+15
  17.003   90.64791  228.671 2.871203e+18 3.049938e+12 6.015170e+23 8.103207e+12 1.089252e+15
  16.900   92.04607  228.737 2.914647e+18 3.022930e+12 6.106184e+23 8.227145e+12 1.106004e+15
  16.797   93.44933  228.807 2.958168e+18 2.993819e+12 6.197361e+23 8.351340e+12 1.122793e+15
  16.694   94.92274  228.941 3.003059e+18 2.981220e+12 6.291408e+23 8.479759e+12 1.140119e+15
  16.591   96.39618  229.074 3.047899e+18 2.980268e+12 6.385348e+23 8.608328e+12 1.157438e+15
  16.489   97.86960  229.207 3.092686e+18 2.977929e+12 6.479177e+23 8.736804e+12 1.174652e+15
  16.386   99.38929  229.364 3.138562e+18 2.976929e+12 6.575287e+23 8.868469e+12 1.192287e+15
  16.283  100.93597  229.534 3.185039e+18 2.986155e+12 6.672657e+23 9.002243e+12 1.210166e+15
  16.180  102.48266  229.705 3.231447e+18 2.994298e+12 6.769881e+23 9.135890e+12 1.228026e+15
  16.077  104.04527  229.868 3.278389e+18 3.001916e+12 6.868224e+23 9.271122e+12 1.246100e+15
  15.974  105.66744  230.005 3.327525e+18 3.016099e+12 6.971165e+23 9.405659e+12 1.265031e+15
  15.871  107.28961  230.141 3.376602e+18 3.031634e+12 7.073982e+23 9.537023e+12 1.283951e+15
  15.768  108.91180  230.278 3.425622e+18 3.046277e+12 7.176678e+23 9.668010e+12 1.302857e+15
  15.665  110.59948  230.347 3.477668e+18 3.062868e+12 7.285715e+23 9.807814e+12 1.322925e+15
  15.563  112.30319  230.399 3.530440e+18 3.079498e+12 7.396272e+23 9.950614e+12 1.343330e+15
  15.460  114.00688  230.451 3.583189e+18 3.095214e+12 7.506780e+23 1.009317e+13 1.363739e+15
  15.357  115.74702  230.506 3.637001e+18 3.110949e+12 7.619518e+23 1.023853e+13 1.384564e+15
  15.254  117.53840  230.567 3.692318e+18 3.129933e+12 7.735405e+23 1.039096e+13 1.405988e+15
  15.151  119.32977  230.628 3.747604e+18 3.148314e+12 7.851231e+23 1.054349e+13 1.427286e+15
  15.048  121.12605  230.688 3.803032e+18 3.165970e+12 7.967351e+23 1.069632e+13 1.448499e+15
  14.945  123.01102  230.730 3.861501e+18 3.184416e+12 8.089845e+23 1.085933e+13 1.470877e+15
  14.842  124.89596  230.773 3.919949e+18 3.201204e+12 8.212292e+23 1.102364e+13 1.493252e+15
  14.739  126.78091  230.815 3.978375e+18 3.217040e+12 8.334696e+23 1.118788e+13 1.515629e+15
  14.637  128.73694  230.822 4.039643e+18 3.229275e+12 8.463052e+23 1.136598e+13 1.539234e+15
  14.534  130.72076  230.814 4.102033e+18 3.223322e+12 8.593758e+23 1.156872e+13 1.563285e+15
  14.431  132.70464  230.806 4.164427e+18 3.215675e+12 8.724475e+23 1.177230e+13 1.587347e+15
  14.328  134.73129  230.805 4.228052e+18 3.207263e+12 8.857769e+23 1.198019e+13 1.611886e+15
  14.225  136.81824  230.812 4.293403e+18 3.181281e+12 8.994679e+23 1.220779e+13 1.636961e+15
  14.122  138.90518  230.820 4.358750e+18 3.151386e+12 9.131581e+23 1.243799e+13 1.661965e+15
  14.019  141.00717  230.834 4.424430e+18 3.119378e+12 9.269180e+23 1.267047e+13 1.687098e+15
  13.916  143.19954  230.891 4.492120e+18 3.095166e+12 9.410991e+23 1.290199e+13 1.713003e+15
  13.813  145.39192  230.948 4.559778e+18 3.073719e+12 9.552734e+23 1.313000e+13 1.738915e+15
  13.710  147.58429  231.004 4.627402e+18 3.050232e+12 9.694407e+23 1.335891e+13 1.764849e+15
  13.608  149.87148  231.076 4.697648e+18 3.035347e+12 9.841573e+23 1.359459e+13 1.791790e+15
  13.505  152.16954  231.150 4.768155e+18 3.032566e+12 9.989284e+23 1.382920e+13 1.818839e+15
  13.402  154.46759  231.224 4.838616e+18 3.028327e+12 1.013690e+24 1.406459e+13 1.845875e+15
  13.299  156.83934  231.321 4.910846e+18 3.026657e+12 1.028822e+24 1.430636e+13 1.873432e+15
  13.196  159.24687  231.430 4.983892e+18 3.038223e+12 1.044125e+24 1.455301e+13 1.901299e+15
  13.093  161.65443  231.538 5.056870e+18 3.048766e+12 1.059414e+24 1.480046e+13 1.929139e+15
  12.990  164.11658  231.658 5.131226e+18 3.059152e+12 1.074992e+24 1.505294e+13 1.957505e+15
  12.887  166.64035  231.792 5.207130e+18 3.080509e+12 1.090894e+24 1.524588e+13 1.986409e+15
  12.784  169.16414  231.926 5.282949e+18 3.101471e+12 1.106778e+24 1.543562e+13 2.015332e+15
  12.682  171.72342  232.058 5.359820e+18 3.122359e+12 1.122882e+24 1.562751e+13 2.044656e+15
  12.579  174.36955  232.187 5.439391e+18 3.150818e+12 1.139552e+24 1.594957e+13 2.075011e+15
  12.476  177.01567  232.315 5.518873e+18 3.180506e+12 1.156204e+24 1.630718e+13 2.105101e+15
  12.373  179.67918  232.441 5.598879e+18 3.210024e+12 1.172965e+24 1.666993e+13 2.135618e+15
  12.270  182.45256  232.549 5.682658e+18 3.247057e+12 1.190517e+24 1.711697e+13 2.167575e+15
  12.167  185.22595  232.657 5.766358e+18 3.287102e+12 1.208052e+24 1.760974e+13 2.199501e+15
  12.064  188.00047  232.765 5.850016e+18 3.326896e+12 1.225578e+24 1.810936e+13 2.230232e+15
  11.961  190.90416  232.876 5.937546e+18 3.374453e+12 1.243916e+24 1.869991e+13 2.263602e+15
  11.858  193.80783  232.987 6.024993e+18 3.427574e+12 1.262236e+24 1.936998e+13 2.296939e+15
  11.756  196.71152  233.098 6.112357e+18 3.480748e+12 1.280539e+24 2.005123e+13 2.330246e+15
  11.653  199.73380  233.260 6.201937e+18 3.535270e+12 1.299306e+24 2.070548e+13 2.364397e+15
  11.550  202.76868  233.429 6.291635e+18 3.589939e+12 1.318097e+24 2.130184e+13 2.396731e+15
  11.447  205.80353  233.597 6.381202e+18 3.644635e+12 1.336862e+24 2.190622e+13 2.430850e+15
  11.344  208.94998  233.731 6.475050e+18 3.697466e+12 1.356523e+24 2.262228e+13 2.466601e+15
  11.241  212.12119  233.857 6.569773e+18 3.741181e+12 1.376367e+24 2.354487e+13 2.502684e+15
  11.138  215.29242  233.983 6.664393e+18 3.784539e+12 1.396190e+24 2.448415e+13 2.535873e+15
  11.035  218.57281  234.032 6.764523e+18 3.824195e+12 1.417168e+24 2.543791e+13 2.573973e+15
  10.932  221.88928  234.056 6.866474e+18 3.844697e+12 1.438526e+24 2.634582e+13 2.612766e+15
  10.830  225.20572  234.079 6.968405e+18 3.864085e+12 1.459881e+24 2.726923e+13 2.651552e+15
  10.727  228.63126  234.089 7.074086e+18 3.878124e+12 1.482021e+24 2.846388e+13 2.687992e+15
  10.624  232.10164  234.094 7.181314e+18 3.867340e+12 1.504485e+24 3.061681e+13 2.728736e+15
  10.521  235.57208  234.099 7.288538e+18 3.854477e+12 1.526949e+24 3.282114e+13 2.769479e+15
  10.418  239.15430  234.024 7.401756e+18 3.836555e+12 1.550668e+24 3.564859e+13 2.812499e+15
  10.315  242.78668  233.912 7.517760e+18 3.791362e+12 1.574971e+24 4.090745e+13 2.852585e+15
  10.212  246.41902  233.801 7.633872e+18 3.742973e+12 1.599296e+24 4.631197e+13 2.896644e+15
  10.109  250.16959  233.632 7.755671e+18 3.689868e+12 1.624813e+24 5.141970e+13 2.942860e+15
  10.006  253.97093  233.438 7.880057e+18 3.617421e+12 1.650872e+24 5.472766e+13 2.990057e+15
   9.904  257.77228  233.244 8.004649e+18 3.540907e+12 1.676974e+24 5.811554e+13 3.037333e+15
   9.801  261.70407  233.149 8.130073e+18 3.462121e+12 1.703250e+24 6.009997e+13 3.080231e+15
   9.698  265.68253  233.088 8.255801e+18 3.384350e+12 1.729590e+24 5.723813e+13 3.127865e+15
   9.595  269.66098  233.028 8.381595e+18 3.302607e+12 1.755944e+24 5.426124e+13 3.175525e+15
   9.492  273.78799  233.070 8.508332e+18 3.221212e+12 1.782495e+24 5.109395e+13 3.223541e+15
   9.389  277.95172  233.138 8.635226e+18 3.145343e+12 1.809080e+24 4.761946e+13 3.267809e+15
   9.286  282.11548  233.205 8.762047e+18 3.065808e+12 1.835649e+24 4.402011e+13 3.315801e+15
   9.183  286.45084  233.349 8.891195e+18 2.985941e+12 1.862705e+24 4.203466e+13 3.364675e+15
   9.080  290.80609  233.503 9.020456e+18 2.906386e+12 1.889786e+24 4.264468e+13 3.413591e+15
   8.977  295.16510  233.656 9.149664e+18 2.823290e+12 1.916855e+24 4.325443e+13 3.458180e+15
   8.875  299.71573  233.810 9.284613e+18 2.757696e+12 1.945126e+24 4.812097e+13 3.509185e+15
   8.772  304.26636  233.964 9.419384e+18 2.707113e+12 1.973361e+24 5.708646e+13 3.560123e+15
   8.669  308.85080  234.087 9.556269e+18 2.654524e+12 2.002038e+24 6.630326e+13 3.611860e+15
   8.566  313.60291  234.059 9.704462e+18 2.621502e+12 2.033085e+24 8.359161e+13 3.665069e+15
   8.463  318.35501  234.031 9.852691e+18 2.595908e+12 2.064139e+24 1.052894e+14 3.721050e+15
   8.360  323.17871  233.925 1.000651e+19 2.569775e+12 2.096363e+24 1.276730e+14 3.779142e+15
   8.257  328.14044  233.669 1.017129e+19 2.522171e+12 2.130885e+24 1.452235e+14 3.841374e+15
   8.154  333.10214  233.412 1.033643e+19 2.467495e+12 2.165482e+24 1.622012e+14 3.900715e+15
   8.051  338.18042  233.110 1.050760e+19 2.410146e+12 2.201342e+24 1.810034e+14 3.965310e+15
   7.949  343.35785  232.770 1.068406e+19 2.326660e+12 2.238311e+24 2.306888e+14 4.031902e+15
   7.846  348.53528  232.430 1.086104e+19 2.239187e+12 2.275388e+24 2.819282e+14 4.098690e+15
   7.743  353.87970  232.059 1.104520e+19 2.143932e+12 2.313970e+24 3.915209e+14 4.165509e+15
   7.640  359.27582  231.679 1.123203e+19 2.030323e+12 2.353110e+24 6.653522e+14 4.235967e+15
   7.537  364.67383  231.304 1.141926e+19 1.911798e+12 2.392336e+24 9.481056e+14 4.306581e+15
   7.434  370.28735  231.522 1.158412e+19 1.773410e+12 2.426874e+24 1.269321e+15 4.368755e+15
   7.331  375.90091  231.740 1.174867e+19 1.619070e+12 2.461347e+24 1.630526e+15 4.428427e+15
   7.228  381.57147  232.078 1.190856e+19 1.459133e+12 2.494844e+24 2.000558e+15 4.488694e+15
   7.125  387.39554  232.736 1.205612e+19 1.331152e+12 2.525758e+24 2.258261e+15 4.544313e+15
   7.023  393.21957  233.394 1.220285e+19 1.210974e+12 2.556497e+24 2.485686e+15 4.599619e+15
   6.920  399.15173  234.158 1.234653e+19 1.090004e+12 2.586598e+24 2.717805e+15 4.651400e+15
   6.817  405.17438  235.011 1.248737e+19 1.025702e+12 2.616103e+24 2.966092e+15 4.704460e+15
   6.714  411.19702  235.863 1.262719e+19 9.595914e+11 2.645396e+24 3.219021e+15 4.757135e+15
   6.611  417.38132  236.742 1.276951e+19 9.052861e+11 2.675212e+24 3.502811e+15 4.810753e+15
   6.508  423.60110  237.627 1.291154e+19 8.781648e+11 2.704967e+24 3.846371e+15 4.862094e+15
   6.405  429.84024  238.512 1.305308e+19 8.501932e+11 2.734619e+24 4.196472e+15 4.915393e+15
   6.302  436.26202  239.403 1.319882e+19 8.305805e+11 2.765153e+24 4.608318e+15 4.970275e+15
   6.199  442.68384  240.293 1.334349e+19 8.163675e+11 2.795460e+24 5.064562e+15 5.024751e+15
   6.097  449.18201  241.174 1.348992e+19 8.017539e+11 2.826138e+24 5.530331e+15 5.077753e+15
   5.994  455.80917  242.038 1.364008e+19 7.928413e+11 2.857596e+24 5.998226e+15 5.134274e+15
   5.891  462.43634  242.902 1.378917e+19 7.843663e+11 2.888831e+24 6.473313e+15 5.190393e+15
   5.788  469.19708  243.763 1.394131e+19 7.767110e+11 2.920706e+24 6.965764e+15 5.247663e+15
   5.685  476.03052  244.623 1.409462e+19 7.747257e+11 2.952823e+24 7.508826e+15 5.303176e+15
   5.582  482.86395  245.484 1.424686e+19 7.724530e+11 2.984716e+24 8.061424e+15 5.360454e+15
   5.479  489.88562  246.345 1.440347e+19 7.725415e+11 3.017527e+24 8.670923e+15 5.419381e+15
   5.376  496.92331  247.207 1.455945e+19 7.756824e+11 3.050205e+24 9.352701e+15 5.478070e+15
   5.273  504.00040  248.065 1.471573e+19 7.787270e+11 3.082945e+24 1.004728e+16 5.534646e+15
   5.171  511.24042  248.907 1.487663e+19 7.831300e+11 3.116654e+24 1.082202e+16 5.595162e+15
   5.068  518.48041  249.749 1.503645e+19 7.879331e+11 3.150136e+24 1.163885e+16 5.655270e+15
   4.965  525.81934  250.560 1.519992e+19 7.928499e+11 3.184382e+24 1.247357e+16 5.716751e+15
   4.862  533.26764  251.337 1.536756e+19 7.955298e+11 3.219503e+24 1.340496e+16 5.777423e+15
   4.759  540.71582  252.115 1.553416e+19 7.979631e+11 3.254406e+24 1.435471e+16 5.840057e+15
   4.656  548.33142  252.905 1.570373e+19 7.984458e+11 3.289931e+24 1.538086e+16 5.903807e+15
   4.553  555.99396  253.699 1.587335e+19 7.936571e+11 3.325467e+24 1.657140e+16 5.967577e+15
   4.450  563.68439  254.489 1.604292e+19 7.885790e+11 3.360991e+24 1.778376e+16 6.028718e+15
   4.347  571.56555  255.258 1.621825e+19 7.790774e+11 3.397723e+24 1.911187e+16 6.094603e+15
   4.245  579.44678  256.026 1.639252e+19 7.664850e+11 3.434232e+24 2.051543e+16 6.160093e+15
   4.142  587.44452  256.781 1.656990e+19 7.537342e+11 3.471394e+24 2.194418e+16 6.226750e+15
   4.039  595.54706  257.525 1.674997e+19 7.460703e+11 3.509119e+24 2.323928e+16 6.291553e+15
   3.936  603.64960  258.268 1.692900e+19 7.380204e+11 3.546626e+24 2.455559e+16 6.358801e+15
   3.833  611.97192  259.000 1.711388e+19 7.353727e+11 3.585357e+24 2.592261e+16 6.428243e+15
   3.730  620.29681  259.732 1.729779e+19 7.382669e+11 3.623887e+24 2.733225e+16 6.494173e+15
   3.627  628.73767  260.442 1.748539e+19 7.413044e+11 3.663190e+24 2.878038e+16 6.564606e+15
   3.524  637.28461  261.131 1.767631e+19 7.485171e+11 3.703186e+24 3.062971e+16 6.636281e+15
   3.421  645.86145  261.819 1.786715e+19 7.557081e+11 3.743169e+24 3.251210e+16 6.707932e+15
   3.318  654.62836  262.496 1.806297e+19 7.591981e+11 3.784192e+24 3.488110e+16 6.777849e+15
   3.216  663.39532  263.173 1.825778e+19 7.602882e+11 3.825005e+24 3.754883e+16 6.850949e+15
   3.113  672.34259  263.855 1.845618e+19 7.607547e+11 3.866570e+24 4.029540e+16 6.925396e+15
   3.010  681.32538  264.538 1.865447e+19 7.598058e+11 3.908111e+24 4.313628e+16 6.995788e+15
   2.907  690.43970  265.230 1.885474e+19 7.591948e+11 3.950067e+24 4.594964e+16 7.070892e+15
   2.804  699.63257  265.926 1.905575e+19 7.616022e+11 3.992180e+24 4.822772e+16 7.146279e+15
   2.701  708.92987  266.587 1.926113e+19 7.640773e+11 4.035207e+24 5.055694e+16 7.218824e+15
   2.598  718.32703  267.213 1.947068e+19 7.679621e+11 4.079107e+24 5.312016e+16 7.297360e+15
   2.495  727.82336  267.811 1.968406e+19 7.719020e+11 4.123811e+24 5.573759e+16 7.377334e+15
   2.392  737.42163  268.378 1.990147e+19 7.773299e+11 4.169358e+24 5.960446e+16 7.453758e+15
   2.290  747.13354  268.929 2.012231e+19 7.830177e+11 4.215623e+24 6.363055e+16 7.536469e+15
   2.187  756.92938  269.466 2.034546e+19 7.910299e+11 4.262374e+24 6.859946e+16 7.620048e+15
   2.084  766.87115  269.952 2.057557e+19 7.989778e+11 4.310581e+24 7.375154e+16 7.700314e+15
   1.981  776.86743  270.424 2.080743e+19 8.060391e+11 4.359156e+24 7.919708e+16 7.787087e+15
   1.878  787.04303  270.940 2.103985e+19 8.144380e+11 4.407847e+24 8.404312e+16 7.867401e+15
   1.775  797.29529  271.451 2.127376e+19 8.240475e+11 4.456852e+24 8.837831e+16 7.954867e+15
   1.672  807.65149  271.957 2.151001e+19 8.414805e+11 4.506347e+24 9.197419e+16 8.043209e+15
   1.569  818.16272  272.419 2.175296e+19 8.594040e+11 4.557246e+24 9.531505e+16 8.126623e+15
   1.466  828.76709  272.900 2.199613e+19 8.766463e+11 4.608190e+24 9.830368e+16 8.217468e+15
   1.364  839.47632  273.417 2.223820e+19 8.850251e+11 4.658903e+24 1.015737e+17 8.299868e+15
   1.261  850.31036  274.008 2.247658e+19 8.900528e+11 4.708844e+24 1.051078e+17 8.388838e+15
   1.158  861.26880  274.669 2.271146e+19 8.930881e+11 4.758052e+24 1.087819e+17 8.468319e+15
   1.055  872.33624  275.336 2.294760e+19 8.957130e+11 4.807522e+24 1.124897e+17 8.556366e+15
   0.952  883.51721  276.003 2.318562e+19 8.979894e+11 4.857387e+24 1.163138e+17 8.637434e+15
   0.849  894.81409  276.640 2.342796e+19 9.012964e+11 4.908157e+24 1.204281e+17 8.727713e+15
   0.746  906.22711  277.254 2.367425e+19 9.072565e+11 4.959756e+24 1.244483e+17 8.812623e+15
   0.643  917.76111  277.911 2.391888e+19 9.135454e+11 5.011006e+24 1.284254e+17 8.898059e+15
   0.540  929.41125  278.577 2.416457e+19 9.181355e+11 5.062477e+24 1.324903e+17 8.989456e+15
   0.438  941.17279  279.225 2.441364e+19 9.184136e+11 5.114658e+24 1.370134e+17 9.078742e+15
   0.335  953.07819  279.930 2.466018e+19 9.124711e+11 5.166307e+24 1.418675e+17 9.169368e+15
   0.232  965.13385  280.633 2.490950e+19 8.912448e+11 5.218540e+24 1.483179e+17 9.263404e+15
   0.129  977.30627  281.159 2.517651e+19 8.289219e+11 5.274479e+24 1.613663e+17 9.366478e+15
