  65.328    0.13389  232.076 4.178687e+15 1.646198e+09 8.754351e+20 1.701315e+10 1.559395e+12
  60.328    0.25261  247.998 7.377738e+15 4.743298e+09 1.545636e+21 3.085716e+10 2.753267e+12
  55.328    0.47458  264.740 1.298385e+16 1.364195e+10 2.720117e+21 5.580689e+10 4.845547e+12
  50.328    0.89927  274.877 2.369555e+16 3.955751e+10 4.964217e+21 1.017793e+11 8.843392e+12
  45.328    1.67017  268.890 4.498875e+16 1.199622e+11 9.425142e+21 1.901546e+11 1.679154e+13
  40.328    3.10282  255.626 8.791602e+16 3.741889e+11 1.841841e+22 3.602887e+11 3.282140e+13
  39.828    3.32248  253.756 9.483377e+16 4.902274e+11 1.986767e+22 3.765351e+11 3.541058e+13
  39.332    3.55518  252.161 1.021176e+17 5.402357e+11 2.139364e+22 4.026898e+11 3.813139e+13
  38.836    3.80162  250.804 1.097870e+17 5.867216e+11 2.300039e+22 4.306511e+11 4.099648e+13
  38.341    4.05771  249.528 1.177820e+17 6.357906e+11 2.467533e+22 4.595637e+11 4.398330e+13
  37.845    4.34064  248.476 1.265278e+17 6.849007e+11 2.650758e+22 4.919375e+11 4.725060e+13
  37.349    4.62722  247.448 1.354419e+17 7.335663e+11 2.837508e+22 5.250109e+11 5.058078e+13
  36.853    4.95603  246.695 1.455093e+17 7.868740e+11 3.048419e+22 5.629199e+11 5.434195e+13
  36.358    5.28483  245.941 1.556383e+17 8.390567e+11 3.260622e+22 6.013684e+11 5.812645e+13
  35.862    5.66958  245.328 1.673864e+17 8.984805e+11 3.506744e+22 6.462428e+11 6.251576e+13
  35.366    6.05698  244.697 1.792854e+17 9.569546e+11 3.756029e+22 6.919210e+11 6.696186e+13
  34.870    6.50564  243.620 1.934167e+17 1.024030e+12 4.052079e+22 7.456499e+11 7.224216e+13
  34.375    6.96691  242.451 2.081293e+17 1.090624e+12 4.360309e+22 8.010188e+11 7.774017e+13
  33.879    7.47926  240.909 2.248655e+17 1.157315e+12 4.710933e+22 8.623089e+11 8.399474e+13
  33.383    8.02134  239.399 2.426847e+17 1.222243e+12 5.084244e+22 9.264961e+11 9.065446e+13
  32.887    8.60198  237.930 2.618584e+17 1.272419e+12 5.485933e+22 9.898970e+11 9.782154e+13
  32.392    9.23795  236.741 2.826302e+17 1.321687e+12 5.921102e+22 1.056735e+12 1.055866e+14
  31.896    9.90166  235.698 3.042764e+17 1.366308e+12 6.374591e+22 1.122692e+12 1.136798e+14
  31.400   10.63100  235.027 3.276223e+17 1.416038e+12 6.863688e+22 1.196162e+12 1.224101e+14
  30.904   11.40458  234.330 3.525079e+17 1.468329e+12 7.385041e+22 1.275843e+12 1.317171e+14
  30.409   12.21715  233.608 3.787911e+17 1.520826e+12 7.935675e+22 1.362749e+12 1.415493e+14
  29.913   13.12842  232.438 4.090935e+17 1.580549e+12 8.570510e+22 1.462224e+12 1.528864e+14
  29.417   14.10317  231.239 4.417462e+17 1.639752e+12 9.254584e+22 1.567883e+12 1.651049e+14
  28.921   15.15213  230.091 4.769699e+17 1.707166e+12 9.992519e+22 1.679712e+12 1.782900e+14
  28.426   16.31565  229.371 5.152073e+17 1.786793e+12 1.079359e+23 1.801246e+12 1.926066e+14
  27.930   17.60150  228.970 5.567857e+17 1.880685e+12 1.166466e+23 1.932916e+12 2.081798e+14
  27.434   18.99511  228.618 6.017943e+17 1.990317e+12 1.260759e+23 2.073865e+12 2.250433e+14
  26.938   20.49354  228.186 6.504951e+17 2.118519e+12 1.362787e+23 2.223517e+12 2.433006e+14
  26.443   22.09032  227.606 7.029664e+17 2.252170e+12 1.472715e+23 2.378476e+12 2.629797e+14
  25.947   23.78973  226.913 7.593598e+17 2.389879e+12 1.590859e+23 2.540499e+12 2.841422e+14
  25.451   25.61325  226.536 8.189257e+17 2.551643e+12 1.715649e+23 2.708999e+12 3.065075e+14
  24.955   27.57586  226.249 8.827915e+17 2.742817e+12 1.849448e+23 2.885801e+12 3.305063e+14
  24.460   29.68011  225.913 9.515706e+17 2.920671e+12 1.993541e+23 3.070319e+12 3.563712e+14
  23.964   31.93868  225.766 1.024647e+18 3.043483e+12 2.146636e+23 3.261773e+12 3.838841e+14
  23.468   34.37087  225.836 1.102339e+18 3.194739e+12 2.309399e+23 3.458051e+12 4.131634e+14
  22.972   37.00098  226.003 1.185813e+18 3.458531e+12 2.484278e+23 3.653969e+12 4.446536e+14
  22.477   39.85502  226.196 1.276191e+18 3.758724e+12 2.673619e+23 3.859170e+12 4.788217e+14
  21.981   42.95722  226.507 1.373632e+18 3.989337e+12 2.877759e+23 4.069956e+12 5.157083e+14
  21.485   46.32391  226.695 1.480062e+18 4.066840e+12 3.100729e+23 4.288864e+12 5.560538e+14
  20.989   49.97515  226.818 1.595853e+18 4.024345e+12 3.343312e+23 4.546976e+12 6.000561e+14
  20.494   53.88052  227.108 1.718370e+18 4.002311e+12 3.599985e+23 4.839223e+12 6.467005e+14
  20.194   56.34077  227.215 1.795988e+18 3.958661e+12 3.762595e+23 5.034122e+12 6.764270e+14
  20.091   57.23322  227.217 1.824414e+18 3.899498e+12 3.822148e+23 5.106361e+12 6.874090e+14
  19.988   58.12568  227.220 1.852840e+18 3.885483e+12 3.881701e+23 5.182921e+12 6.982686e+14
  19.886   59.01812  227.223 1.881265e+18 3.869172e+12 3.941251e+23 5.259385e+12 7.091323e+14
  19.783   59.91861  227.232 1.909889e+18 3.850968e+12 4.001218e+23 5.336312e+12 7.200754e+14
  19.680   60.86276  227.279 1.939588e+18 3.834446e+12 4.063437e+23 5.416935e+12 7.314346e+14
  19.577   61.80693  227.325 1.969275e+18 3.816560e+12 4.125632e+23 5.497873e+12 7.427975e+14
  19.474   62.75108  227.372 1.998950e+18 3.796343e+12 4.187800e+23 5.578716e+12 7.541608e+14
  19.371   63.71153  227.430 2.029022e+18 3.774559e+12 4.250802e+23 5.660611e+12 7.656793e+14
  19.268   64.71055  227.518 2.060046e+18 3.761122e+12 4.315797e+23 5.746453e+12 7.775701e+14
  19.165   65.70959  227.605 2.091047e+18 3.747821e+12 4.380743e+23 5.832561e+12 7.894532e+14
  19.062   66.70861  227.692 2.122023e+18 3.732406e+12 4.445638e+23 5.918591e+12 8.013229e+14
  18.960   67.73723  227.771 2.154002e+18 3.716668e+12 4.512635e+23 6.007411e+12 8.135768e+14
  18.857   68.79379  227.841 2.186930e+18 3.701665e+12 4.581618e+23 6.099158e+12 8.262044e+14
  18.754   69.85036  227.910 2.219838e+18 3.684467e+12 4.650560e+23 6.190846e+12 8.388301e+14
  18.651   70.90694  227.980 2.252726e+18 3.665075e+12 4.719460e+23 6.282477e+12 8.514544e+14
  18.548   72.01183  228.044 2.287193e+18 3.647740e+12 4.791669e+23 6.378520e+12 8.646785e+14
  18.445   73.12886  228.105 2.322042e+18 3.632822e+12 4.864679e+23 6.475656e+12 8.780604e+14
  18.342   74.24587  228.167 2.356872e+18 3.615757e+12 4.937648e+23 6.572734e+12 8.914411e+14
  18.239   75.37234  228.228 2.391996e+18 3.597019e+12 5.011231e+23 6.670628e+12 9.049387e+14
  18.136   76.55406  228.282 2.428918e+18 3.579322e+12 5.088584e+23 6.777743e+12 9.191319e+14
  18.034   77.73578  228.337 2.465824e+18 3.559665e+12 5.165902e+23 6.887273e+12 9.333208e+14
  17.931   78.91751  228.391 2.502712e+18 3.537767e+12 5.243183e+23 6.996950e+12 9.475039e+14
  17.828   80.13713  228.444 2.540799e+18 3.514286e+12 5.322974e+23 7.110428e+12 9.621478e+14
  17.725   81.38779  228.496 2.579864e+18 3.470025e+12 5.404815e+23 7.231716e+12 9.771818e+14
  17.622   82.63842  228.548 2.618910e+18 3.422764e+12 5.486617e+23 7.353312e+12 9.922158e+14
  17.519   83.88955  228.600 2.657956e+18 3.372526e+12 5.568417e+23 7.475268e+12 1.007234e+15
  17.416   85.21269  228.639 2.699421e+18 3.317204e+12 5.655287e+23 7.601134e+12 1.023164e+15
  17.313   86.53584  228.678 2.740873e+18 3.253520e+12 5.742128e+23 7.724008e+12 1.039102e+15
  17.210   87.85900  228.716 2.782311e+18 3.186352e+12 5.828941e+23 7.847032e+12 1.055041e+15
  17.108   89.22021  228.761 2.824870e+18 3.117247e+12 5.918102e+23 7.973369e+12 1.071412e+15
  17.005   90.61826  228.811 2.868510e+18 3.081870e+12 6.009529e+23 8.098744e+12 1.088225e+15
  16.902   92.01630  228.860 2.912132e+18 3.043929e+12 6.100916e+23 8.224130e+12 1.105044e+15
  16.799   93.41779  228.912 2.955817e+18 3.003513e+12 6.192436e+23 8.349764e+12 1.121895e+15
  16.696   94.89115  229.006 3.001198e+18 2.982260e+12 6.287509e+23 8.479918e+12 1.139406e+15
  16.593   96.36449  229.101 3.046541e+18 2.975856e+12 6.382504e+23 8.609740e+12 1.156918e+15
  16.490   97.83785  229.195 3.091848e+18 2.967885e+12 6.477421e+23 8.739510e+12 1.174329e+15
  16.387   99.35593  229.309 3.138265e+18 2.961130e+12 6.574665e+23 8.872460e+12 1.192170e+15
  16.284  100.90260  229.435 3.185368e+18 2.967436e+12 6.673346e+23 9.007339e+12 1.210287e+15
  16.181  102.44925  229.561 3.232418e+18 2.972565e+12 6.771916e+23 9.142118e+12 1.228390e+15
  16.079  104.01023  229.688 3.279857e+18 2.976920e+12 6.871302e+23 9.278050e+12 1.246653e+15
  15.976  105.63248  229.818 3.329126e+18 2.989162e+12 6.974519e+23 9.415293e+12 1.265634e+15
  15.873  107.25473  229.948 3.378339e+18 3.003769e+12 7.077620e+23 9.550525e+12 1.284606e+15
  15.770  108.87695  230.078 3.427495e+18 3.017465e+12 7.180603e+23 9.685483e+12 1.303563e+15
  15.667  110.56303  230.176 3.479099e+18 3.033451e+12 7.288714e+23 9.826726e+12 1.323463e+15
  15.564  112.26689  230.264 3.531358e+18 3.051755e+12 7.398194e+23 9.968354e+12 1.343672e+15
  15.461  113.97076  230.353 3.583577e+18 3.069220e+12 7.507594e+23 1.010969e+13 1.363880e+15
  15.358  115.70924  230.442 3.636831e+18 3.086756e+12 7.619160e+23 1.025377e+13 1.384492e+15
  15.255  117.50087  230.532 3.691694e+18 3.103430e+12 7.734099e+23 1.040510e+13 1.405743e+15
  15.153  119.29251  230.623 3.746514e+18 3.119013e+12 7.848947e+23 1.055655e+13 1.426869e+15
  15.050  121.08714  230.713 3.801396e+18 3.133754e+12 7.963925e+23 1.070808e+13 1.447874e+15
  14.947  122.97244  230.783 3.859403e+18 3.151592e+12 8.085449e+23 1.087262e+13 1.470075e+15
  14.844  124.85776  230.854 3.917373e+18 3.169785e+12 8.206897e+23 1.104091e+13 1.492268e+15
  14.741  126.74305  230.925 3.975308e+18 3.187086e+12 8.328270e+23 1.120925e+13 1.514455e+15
  14.638  128.69753  230.940 4.036343e+18 3.203509e+12 8.456138e+23 1.138870e+13 1.537971e+15
  14.535  130.68185  230.931 4.098729e+18 3.209862e+12 8.586837e+23 1.158127e+13 1.562021e+15
  14.432  132.66617  230.923 4.161118e+18 3.214903e+12 8.717543e+23 1.177434e+13 1.586080e+15
  14.329  134.69138  230.906 4.224942e+18 3.219722e+12 8.851253e+23 1.197199e+13 1.610695e+15
  14.227  136.77888  230.878 4.290954e+18 3.201222e+12 8.989548e+23 1.220002e+13 1.636026e+15
  14.124  138.86636  230.849 4.356981e+18 3.177842e+12 9.127876e+23 1.243213e+13 1.661289e+15
  14.021  140.96703  230.827 4.423318e+18 3.152482e+12 9.266852e+23 1.266648e+13 1.686672e+15
  13.918  143.16005  230.848 4.491713e+18 3.123193e+12 9.410139e+23 1.290571e+13 1.712846e+15
  13.815  145.35306  230.870 4.560094e+18 3.089598e+12 9.553397e+23 1.314477e+13 1.739033e+15
  13.712  147.54608  230.891 4.628463e+18 3.053561e+12 9.696630e+23 1.338507e+13 1.765251e+15
  13.609  149.83218  230.971 4.698548e+18 3.026318e+12 9.843458e+23 1.363241e+13 1.792130e+15
  13.506  152.13092  231.059 4.768816e+18 3.013746e+12 9.990670e+23 1.388290e+13 1.819088e+15
  13.403  154.42967  231.147 4.839031e+18 2.999437e+12 1.013777e+24 1.413461e+13 1.846031e+15
  13.301  156.80042  231.262 4.910883e+18 2.988464e+12 1.028830e+24 1.438605e+13 1.873446e+15
  13.198  159.20872  231.391 4.983540e+18 2.998334e+12 1.044052e+24 1.460606e+13 1.901164e+15
  13.095  161.61703  231.519 5.056116e+18 3.007153e+12 1.059256e+24 1.482604e+13 1.928851e+15
  12.992  164.07826  231.646 5.130293e+18 3.015913e+12 1.074796e+24 1.505093e+13 1.957149e+15
  12.889  166.60289  231.772 5.206398e+18 3.038992e+12 1.090740e+24 1.533745e+13 1.986130e+15
  12.786  169.12750  231.899 5.282420e+18 3.062065e+12 1.106667e+24 1.562823e+13 2.015130e+15
  12.683  171.68610  232.019 5.359552e+18 3.085165e+12 1.122826e+24 1.592422e+13 2.044555e+15
  12.580  174.33316  232.124 5.439714e+18 3.118298e+12 1.139620e+24 1.619324e+13 2.075135e+15
  12.477  176.98027  232.230 5.519803e+18 3.153602e+12 1.156399e+24 1.645191e+13 2.105456e+15
  12.375  179.64330  232.332 5.600398e+18 3.188886e+12 1.173283e+24 1.671268e+13 2.136198e+15
  12.272  182.41785  232.411 5.684965e+18 3.233994e+12 1.191000e+24 1.716022e+13 2.168455e+15
  12.169  185.19240  232.490 5.769475e+18 3.283776e+12 1.208705e+24 1.771953e+13 2.200690e+15
  12.066  187.96693  232.568 5.853927e+18 3.333575e+12 1.226398e+24 1.828758e+13 2.231723e+15
  11.963  190.87187  232.702 5.940989e+18 3.388951e+12 1.244637e+24 1.894353e+13 2.264914e+15
  11.860  193.77695  232.835 6.027953e+18 3.448562e+12 1.262856e+24 1.968257e+13 2.298068e+15
  11.757  196.68205  232.969 6.114818e+18 3.508404e+12 1.281054e+24 2.043459e+13 2.331184e+15
  11.654  199.70499  233.138 6.204292e+18 3.566417e+12 1.299799e+24 2.112237e+13 2.365295e+15
  11.551  202.74164  233.312 6.293950e+18 3.619122e+12 1.318583e+24 2.168806e+13 2.397613e+15
  11.448  205.77826  233.485 6.383474e+18 3.671784e+12 1.337338e+24 2.226071e+13 2.431716e+15
  11.346  208.92592  233.618 6.477419e+18 3.721800e+12 1.357019e+24 2.284286e+13 2.467503e+15
  11.243  212.09921  233.742 6.572313e+18 3.760572e+12 1.376899e+24 2.340561e+13 2.503652e+15
  11.140  215.27254  233.866 6.667106e+18 3.798833e+12 1.396759e+24 2.397459e+13 2.536905e+15
  11.037  218.55469  233.924 6.767088e+18 3.833342e+12 1.417705e+24 2.478079e+13 2.574949e+15
  10.934  221.87347  233.959 6.868811e+18 3.848985e+12 1.439016e+24 2.625765e+13 2.613656e+15
  10.831  225.19223  233.995 6.970501e+18 3.863366e+12 1.460320e+24 2.776711e+13 2.652350e+15
  10.728  228.61996  233.970 7.077340e+18 3.872758e+12 1.482703e+24 2.956271e+13 2.689228e+15
  10.625  232.09273  233.921 7.186354e+18 3.856323e+12 1.505541e+24 3.231040e+13 2.730651e+15
  10.522  235.56555  233.872 7.295415e+18 3.837605e+12 1.528389e+24 3.512786e+13 2.772092e+15
  10.420  239.15024  233.756 7.410098e+18 3.813584e+12 1.552416e+24 3.830115e+13 2.815669e+15
  10.317  242.78479  233.611 7.527396e+18 3.763070e+12 1.576990e+24 4.267103e+13 2.856242e+15
  10.214  246.41931  233.466 7.644839e+18 3.709171e+12 1.601594e+24 4.715906e+13 2.900805e+15
  10.111  250.17236  233.344 7.765315e+18 3.650830e+12 1.626833e+24 5.083820e+13 2.946519e+15
  10.008  253.97536  233.233 7.887126e+18 3.579883e+12 1.652353e+24 5.085188e+13 2.992740e+15
   9.905  257.77835  233.121 8.009054e+18 3.505027e+12 1.677897e+24 5.084209e+13 3.039005e+15
   9.802  261.71222  233.090 8.132351e+18 3.428634e+12 1.703727e+24 5.024396e+13 3.081094e+15
   9.699  265.69153  233.088 8.256098e+18 3.354359e+12 1.729653e+24 4.778519e+13 3.127978e+15
   9.596  269.67093  233.085 8.379849e+18 3.276295e+12 1.755578e+24 4.522982e+13 3.174863e+15
   9.494  273.79919  233.143 8.506015e+18 3.200780e+12 1.782010e+24 4.436223e+13 3.222664e+15
   9.391  277.96274  233.216 8.632682e+18 3.134110e+12 1.808547e+24 4.748447e+13 3.266846e+15
   9.288  282.12634  233.288 8.759274e+18 3.064057e+12 1.835068e+24 5.067855e+13 3.314752e+15
   9.185  286.46173  233.421 8.888794e+18 2.995893e+12 1.862202e+24 5.268766e+13 3.363766e+15
   9.082  290.81552  233.561 9.018488e+18 2.930864e+12 1.889373e+24 5.282103e+13 3.412846e+15
   8.979  295.17429  233.701 9.148176e+18 2.862705e+12 1.916543e+24 5.293609e+13 3.457618e+15
   8.876  299.72177  233.844 9.283421e+18 2.801205e+12 1.944877e+24 5.291834e+13 3.508735e+15
   8.773  304.26932  233.988 9.418500e+18 2.744057e+12 1.973176e+24 5.274242e+13 3.559789e+15
   8.670  308.85138  234.103 9.555629e+18 2.684678e+12 2.001904e+24 5.255066e+13 3.611618e+15
   8.568  313.59857  234.084 9.703290e+18 2.639510e+12 2.032839e+24 5.996334e+13 3.664626e+15
   8.465  318.34579  234.065 9.850975e+18 2.598719e+12 2.063779e+24 7.131281e+13 3.720402e+15
   8.362  323.16464  233.969 1.000421e+19 2.556919e+12 2.095883e+24 8.302140e+13 3.778275e+15
   8.259  328.11981  233.725 1.016821e+19 2.511355e+12 2.130240e+24 1.057110e+14 3.840212e+15
   8.156  333.07504  233.481 1.033255e+19 2.462319e+12 2.164670e+24 1.310689e+14 3.899252e+15
   8.053  338.14606  233.221 1.050156e+19 2.411036e+12 2.200077e+24 1.593721e+14 3.963031e+15
   7.950  343.31561  232.947 1.067464e+19 2.346372e+12 2.236337e+24 2.398369e+14 4.028347e+15
   7.847  348.48520  232.673 1.084812e+19 2.278407e+12 2.272682e+24 3.228387e+14 4.093816e+15
   7.744  353.82031  232.472 1.102374e+19 2.198346e+12 2.309473e+24 4.441630e+14 4.157415e+15
   7.642  359.20773  232.294 1.120019e+19 2.088335e+12 2.346439e+24 6.724257e+14 4.223959e+15
   7.539  364.59543  232.116 1.137689e+19 1.973792e+12 2.383458e+24 9.076779e+14 4.290599e+15
   7.436  370.20016  232.268 1.154421e+19 1.851848e+12 2.418512e+24 1.192911e+15 4.353702e+15
   7.333  375.80493  232.420 1.171132e+19 1.724171e+12 2.453521e+24 1.530321e+15 4.414345e+15
   7.230  381.46466  232.665 1.187516e+19 1.591647e+12 2.487847e+24 1.876353e+15 4.476105e+15
   7.127  387.28085  233.175 1.202987e+19 1.488536e+12 2.520257e+24 2.190521e+15 4.534417e+15
   7.024  393.09705  233.685 1.218390e+19 1.393297e+12 2.552526e+24 2.499494e+15 4.592475e+15
   6.921  399.01968  234.351 1.233230e+19 1.295625e+12 2.583616e+24 2.811795e+15 4.646039e+15
   6.818  405.03665  235.156 1.247540e+19 1.228604e+12 2.613596e+24 3.048916e+15 4.699950e+15
   6.716  411.05359  235.962 1.261752e+19 1.159610e+12 2.643370e+24 3.290473e+15 4.753493e+15
   6.613  417.23102  236.804 1.276156e+19 1.095008e+12 2.673546e+24 3.564818e+15 4.807757e+15
   6.510  423.44757  237.656 1.290527e+19 1.042720e+12 2.703654e+24 3.908231e+15 4.859732e+15
   6.407  429.68030  238.508 1.304847e+19 9.889544e+11 2.733655e+24 4.258232e+15 4.913658e+15
   6.304  436.10126  239.354 1.319664e+19 9.451101e+11 2.764696e+24 4.647471e+15 4.969453e+15
   6.201  442.52209  240.200 1.334376e+19 9.080378e+11 2.795517e+24 5.066556e+15 5.024854e+15
   6.098  449.01675  241.054 1.349167e+19 8.699664e+11 2.826504e+24 5.494061e+15 5.078410e+15
   5.995  455.64493  241.920 1.364180e+19 8.472271e+11 2.857958e+24 6.006737e+15 5.134923e+15
   5.892  462.27313  242.786 1.379087e+19 8.264823e+11 2.889187e+24 6.541819e+15 5.191033e+15
   5.789  469.03265  243.665 1.394203e+19 8.070383e+11 2.920855e+24 7.098072e+15 5.247932e+15
   5.687  475.86859  244.552 1.409393e+19 7.991307e+11 2.952678e+24 7.731229e+15 5.302914e+15
   5.584  482.70453  245.439 1.424473e+19 7.908020e+11 2.984270e+24 8.375723e+15 5.359653e+15
   5.481  489.72653  246.305 1.440113e+19 7.859050e+11 3.017037e+24 9.081946e+15 5.418501e+15
   5.378  496.76743  247.169 1.455712e+19 7.858018e+11 3.049717e+24 9.869185e+15 5.477192e+15
   5.275  503.84531  248.023 1.471372e+19 7.855469e+11 3.082525e+24 1.067163e+16 5.533891e+15
   5.172  511.08844  248.829 1.487685e+19 7.879289e+11 3.116700e+24 1.152576e+16 5.595243e+15
   5.069  518.33160  249.636 1.503892e+19 7.912790e+11 3.150654e+24 1.241008e+16 5.656200e+15
   4.966  525.67169  250.433 1.520338e+19 7.946413e+11 3.185109e+24 1.331285e+16 5.718055e+15
   4.863  533.12299  251.217 1.537074e+19 7.970131e+11 3.220171e+24 1.424121e+16 5.778622e+15
   4.761  540.57440  252.002 1.553706e+19 7.991558e+11 3.255014e+24 1.518580e+16 5.841149e+15
   4.658  548.19147  252.775 1.570780e+19 8.004920e+11 3.290783e+24 1.620790e+16 5.905336e+15
   4.555  555.85724  253.545 1.587908e+19 7.992938e+11 3.326668e+24 1.739979e+16 5.969732e+15
   4.452  563.54974  254.311 1.605035e+19 7.978803e+11 3.362548e+24 1.861355e+16 6.031510e+15
   4.349  571.43451  255.048 1.622786e+19 7.954762e+11 3.399736e+24 1.991845e+16 6.098215e+15
   4.246  579.31940  255.786 1.640434e+19 7.921112e+11 3.436709e+24 2.128394e+16 6.164535e+15
   4.143  587.32025  256.526 1.658290e+19 7.885967e+11 3.474118e+24 2.267538e+16 6.231636e+15
   4.040  595.42700  257.269 1.676324e+19 7.853549e+11 3.511899e+24 2.402458e+16 6.296538e+15
   3.937  603.53375  258.012 1.694254e+19 7.818109e+11 3.549463e+24 2.539595e+16 6.363887e+15
   3.835  611.86060  258.754 1.712704e+19 7.789503e+11 3.588115e+24 2.695195e+16 6.433187e+15
   3.732  620.19043  259.496 1.731056e+19 7.765469e+11 3.626564e+24 2.869683e+16 6.498970e+15
   3.629  628.63635  260.228 1.749692e+19 7.740621e+11 3.665606e+24 3.048264e+16 6.568935e+15
   3.526  637.18811  260.952 1.768577e+19 7.723657e+11 3.705169e+24 3.252560e+16 6.639834e+15
   3.423  645.77032  261.673 1.787455e+19 7.704519e+11 3.744718e+24 3.460505e+16 6.710709e+15
   3.320  654.54114  262.382 1.806837e+19 7.678885e+11 3.785324e+24 3.666154e+16 6.779876e+15
   3.217  663.31201  263.091 1.826116e+19 7.646753e+11 3.825712e+24 3.871196e+16 6.852215e+15
   3.114  672.26257  263.779 1.845932e+19 7.609460e+11 3.867228e+24 4.084854e+16 6.926574e+15
   3.011  681.24744  264.462 1.865768e+19 7.559888e+11 3.908783e+24 4.309942e+16 6.996991e+15
   2.909  690.36304  265.166 1.885715e+19 7.507389e+11 3.950572e+24 4.548127e+16 7.071796e+15
   2.806  699.55493  265.882 1.905679e+19 7.448267e+11 3.992398e+24 4.850360e+16 7.146667e+15
   2.703  708.85065  266.588 1.925887e+19 7.387536e+11 4.034732e+24 5.159565e+16 7.217975e+15
   2.600  718.24323  267.285 1.946314e+19 7.346088e+11 4.077529e+24 5.533361e+16 7.294536e+15
   2.497  727.73462  267.965 1.967030e+19 7.303197e+11 4.120928e+24 5.914718e+16 7.372176e+15
   2.394  737.32513  268.628 1.988037e+19 7.315556e+11 4.164938e+24 6.312573e+16 7.445856e+15
   2.291  747.02881  269.199 2.009927e+19 7.332690e+11 4.210797e+24 6.725150e+16 7.527840e+15
   2.188  756.81439  269.704 2.032443e+19 7.384285e+11 4.257967e+24 7.202143e+16 7.612169e+15
   2.085  766.74524  270.204 2.055305e+19 7.445057e+11 4.305864e+24 7.668179e+16 7.691887e+15
   1.983  776.72968  270.700 2.078256e+19 7.530284e+11 4.353946e+24 8.082562e+16 7.777779e+15
   1.880  786.89209  271.148 2.101964e+19 7.624877e+11 4.403615e+24 8.480318e+16 7.859847e+15
   1.777  797.13110  271.613 2.125670e+19 7.725249e+11 4.453279e+24 8.862009e+16 7.948490e+15
   1.674  807.47375  272.100 2.149395e+19 7.841985e+11 4.502982e+24 9.203300e+16 8.037202e+15
   1.571  817.97162  272.635 2.173071e+19 7.956108e+11 4.552584e+24 9.551366e+16 8.118310e+15
   1.468  828.56323  273.175 2.196858e+19 8.064681e+11 4.602418e+24 9.913444e+16 8.207175e+15
   1.365  839.26056  273.718 2.220801e+19 8.147609e+11 4.652578e+24 1.030688e+17 8.288599e+15
   1.262  850.08521  274.280 2.244840e+19 8.247604e+11 4.702941e+24 1.073396e+17 8.378321e+15
   1.159  861.03650  274.814 2.269336e+19 8.384794e+11 4.754259e+24 1.116226e+17 8.461569e+15
   1.057  872.09937  275.329 2.294196e+19 8.566344e+11 4.806341e+24 1.156815e+17 8.554264e+15
   0.954  883.27869  275.855 2.319178e+19 8.757850e+11 4.858678e+24 1.197691e+17 8.639730e+15
   0.851  894.57727  276.395 2.344253e+19 8.926729e+11 4.911209e+24 1.233146e+17 8.733141e+15
   0.748  905.99548  277.009 2.368915e+19 9.076600e+11 4.962876e+24 1.259645e+17 8.818166e+15
   0.645  917.53741  277.660 2.393469e+19 9.201106e+11 5.014318e+24 1.280811e+17 8.903941e+15
   0.542  929.19690  278.266 2.418600e+19 9.285762e+11 5.066967e+24 1.304936e+17 8.997429e+15
   0.439  940.96710  279.004 2.442759e+19 9.283892e+11 5.117581e+24 1.356656e+17 9.083931e+15
   0.336  952.88025  279.866 2.466065e+19 9.093667e+11 5.166407e+24 1.418629e+17 9.169536e+15
   0.233  964.94360  280.533 2.491346e+19 8.426135e+11 5.219370e+24 1.517930e+17 9.264839e+15
   0.130  977.12384  280.830 2.520126e+19 7.688635e+11 5.279665e+24 1.632073e+17 9.375602e+15
