  65.331    0.13344  231.590 4.173400e+15 1.652852e+09 8.743273e+20 1.698326e+10 1.557421e+12
  60.331    0.25196  247.938 7.360310e+15 4.768026e+09 1.541985e+21 3.079200e+10 2.746763e+12
  55.331    0.47373  263.391 1.302718e+16 1.377572e+10 2.729195e+21 5.599352e+10 4.861717e+12
  50.331    0.89813  275.159 2.364147e+16 3.961758e+10 4.952888e+21 1.016313e+11 8.823209e+12
  45.331    1.66921  268.708 4.499320e+16 1.204096e+11 9.426075e+21 1.908823e+11 1.679319e+13
  40.331    3.09948  255.317 8.792763e+16 3.734471e+11 1.842084e+22 3.611675e+11 3.282573e+13
  39.831    3.31897  253.175 9.495103e+16 4.942822e+11 1.989224e+22 3.781084e+11 3.545435e+13
  39.336    3.55116  251.534 1.022564e+17 5.458249e+11 2.142272e+22 4.038800e+11 3.818320e+13
  38.840    3.79771  250.369 1.098644e+17 5.921614e+11 2.301659e+22 4.315363e+11 4.102534e+13
  38.344    4.05340  249.335 1.177477e+17 6.407890e+11 2.466813e+22 4.599366e+11 4.397046e+13
  37.848    4.33671  248.696 1.263012e+17 6.895486e+11 2.646009e+22 4.914811e+11 4.716593e+13
  37.353    4.62309  248.044 1.349956e+17 7.378131e+11 2.828158e+22 5.236361e+11 5.041408e+13
  36.857    4.95239  247.214 1.450968e+17 7.923033e+11 3.039779e+22 5.614726e+11 5.418790e+13
  36.361    5.28169  246.384 1.552661e+17 8.457790e+11 3.252825e+22 5.997596e+11 5.798744e+13
  35.865    5.66627  245.358 1.672686e+17 9.079828e+11 3.504277e+22 6.454103e+11 6.247175e+13
  35.370    6.05353  244.318 1.794605e+17 9.696773e+11 3.759698e+22 6.921757e+11 6.702724e+13
  34.874    6.50231  242.972 1.938328e+17 1.039407e+12 4.060798e+22 7.468293e+11 7.239758e+13
  34.378    6.96319  241.660 2.086993e+17 1.107681e+12 4.372251e+22 8.028161e+11 7.795306e+13
  33.882    7.47539  240.488 2.251419e+17 1.175847e+12 4.716723e+22 8.631250e+11 8.409795e+13
  33.387    8.01667  239.408 2.425340e+17 1.242844e+12 5.081087e+22 9.258864e+11 9.059813e+13
  32.891    8.59686  238.448 2.611340e+17 1.298950e+12 5.470757e+22 9.912958e+11 9.755089e+13
  32.395    9.23159  237.399 2.816523e+17 1.354809e+12 5.900615e+22 1.061249e+12 1.052212e+14
  31.899    9.89390  236.321 3.032366e+17 1.399068e+12 6.352807e+22 1.127723e+12 1.132913e+14
  31.404   10.62270  235.260 3.270416e+17 1.446995e+12 6.851521e+22 1.200683e+12 1.221930e+14
  30.908   11.39491  234.215 3.523813e+17 1.494159e+12 7.382389e+22 1.277395e+12 1.316697e+14
  30.412   12.20668  233.184 3.791544e+17 1.542281e+12 7.943285e+22 1.363238e+12 1.416849e+14
  29.916   13.11733  232.180 4.092022e+17 1.596485e+12 8.572786e+22 1.460777e+12 1.529268e+14
  29.421   14.09096  231.194 4.414502e+17 1.652117e+12 9.248381e+22 1.566309e+12 1.649940e+14
  28.925   15.13899  230.260 4.762057e+17 1.719614e+12 9.976509e+22 1.677910e+12 1.780041e+14
  28.429   16.30354  229.555 5.144132e+17 1.807288e+12 1.077696e+23 1.800670e+12 1.923094e+14
  27.933   17.58930  228.822 5.567581e+17 1.918775e+12 1.166408e+23 1.936673e+12 2.081692e+14
  27.438   18.98321  228.211 6.024911e+17 2.049801e+12 1.262219e+23 2.082147e+12 2.253035e+14
  26.942   20.48216  227.782 6.512886e+17 2.176270e+12 1.364450e+23 2.228004e+12 2.435970e+14
  26.446   22.07909  227.460 7.030621e+17 2.299526e+12 1.472915e+23 2.380277e+12 2.630151e+14
  25.950   23.77801  227.014 7.586477e+17 2.449065e+12 1.589367e+23 2.542951e+12 2.838753e+14
  25.455   25.60126  226.754 8.177550e+17 2.631258e+12 1.713197e+23 2.709997e+12 3.060687e+14
  24.959   27.56216  226.409 8.817333e+17 2.818312e+12 1.847231e+23 2.883142e+12 3.301094e+14
  24.463   29.66439  225.856 9.513048e+17 2.972383e+12 1.992984e+23 3.066654e+12 3.562707e+14
  23.967   31.92103  225.561 1.025015e+18 3.118108e+12 2.147407e+23 3.253408e+12 3.840209e+14
  23.472   34.35161  225.603 1.102854e+18 3.348971e+12 2.310480e+23 3.430184e+12 4.133553e+14
  22.976   36.98048  225.931 1.185534e+18 3.648395e+12 2.483693e+23 3.614342e+12 4.445470e+14
  22.480   39.83382  226.333 1.274739e+18 3.913937e+12 2.670579e+23 3.820779e+12 4.782750e+14
  21.984   42.93588  226.557 1.372652e+18 4.074930e+12 2.875707e+23 4.032560e+12 5.153380e+14
  21.489   46.30288  226.647 1.479700e+18 4.080069e+12 3.099972e+23 4.275904e+12 5.559153e+14
  20.993   49.95324  226.649 1.596341e+18 4.012787e+12 3.344335e+23 4.543585e+12 6.002364e+14
  20.497   53.85825  226.869 1.719464e+18 3.999760e+12 3.602277e+23 4.831679e+12 6.471090e+14
  20.198   56.31728  227.086 1.796255e+18 3.932504e+12 3.763154e+23 5.022426e+12 6.765240e+14
  20.095   57.20956  227.179 1.823970e+18 3.864029e+12 3.821217e+23 5.092561e+12 6.872378e+14
  19.992   58.10183  227.271 1.851662e+18 3.855416e+12 3.879232e+23 5.168124e+12 6.978206e+14
  19.889   58.99412  227.364 1.879333e+18 3.844745e+12 3.937202e+23 5.243575e+12 7.083996e+14
  19.786   59.89299  227.455 1.907201e+18 3.832463e+12 3.995586e+23 5.319526e+12 7.190577e+14
  19.683   60.83683  227.538 1.936554e+18 3.822678e+12 4.057080e+23 5.400670e+12 7.302858e+14
  19.580   61.78064  227.620 1.965885e+18 3.811722e+12 4.118529e+23 5.482397e+12 7.415142e+14
  19.478   62.72446  227.703 1.995195e+18 3.798674e+12 4.179934e+23 5.564064e+12 7.527395e+14
  19.375   63.68299  227.772 2.025070e+18 3.784626e+12 4.242521e+23 5.647302e+12 7.641829e+14
  19.272   64.68156  227.805 2.056527e+18 3.767077e+12 4.308424e+23 5.734731e+12 7.762364e+14
  19.169   65.68015  227.838 2.087976e+18 3.745858e+12 4.374310e+23 5.822062e+12 7.882887e+14
  19.066   66.67873  227.870 2.119415e+18 3.722246e+12 4.440174e+23 5.909353e+12 8.003328e+14
  18.963   67.70514  227.905 2.151712e+18 3.697736e+12 4.507837e+23 5.999027e+12 8.127063e+14
  18.860   68.76126  227.942 2.184925e+18 3.679619e+12 4.577418e+23 6.089918e+12 8.254411e+14
  18.757   69.81737  227.978 2.218127e+18 3.659321e+12 4.646975e+23 6.180702e+12 8.381776e+14
  18.654   70.87347  228.015 2.251317e+18 3.636723e+12 4.716510e+23 6.271405e+12 8.509159e+14
  18.552   71.97607  228.043 2.286058e+18 3.618465e+12 4.789292e+23 6.367778e+12 8.642432e+14
  18.449   73.09269  228.069 2.321262e+18 3.610239e+12 4.863045e+23 6.469334e+12 8.777588e+14
  18.346   74.20934  228.095 2.356459e+18 3.600062e+12 4.936782e+23 6.570976e+12 8.912779e+14
  18.243   75.33328  228.121 2.391875e+18 3.588275e+12 5.010978e+23 6.673334e+12 9.048861e+14
  18.140   76.51469  228.151 2.429069e+18 3.565208e+12 5.088900e+23 6.785009e+12 9.191813e+14
  18.037   77.69612  228.180 2.466255e+18 3.532055e+12 5.166803e+23 6.899623e+12 9.334764e+14
  17.934   78.87753  228.210 2.503429e+18 3.496238e+12 5.244685e+23 7.014530e+12 9.477678e+14
  17.831   80.09454  228.255 2.541549e+18 3.458753e+12 5.324545e+23 7.132344e+12 9.624236e+14
  17.728   81.34498  228.316 2.580545e+18 3.400267e+12 5.406241e+23 7.248709e+12 9.774313e+14
  17.626   82.59539  228.376 2.619520e+18 3.338386e+12 5.487895e+23 7.365226e+12 9.924385e+14
  17.523   83.84580  228.437 2.658475e+18 3.273108e+12 5.569504e+23 7.481892e+12 1.007424e+15
  17.420   85.16677  228.529 2.699263e+18 3.218644e+12 5.654956e+23 7.601337e+12 1.023097e+15
  17.317   86.48975  228.623 2.740071e+18 3.174673e+12 5.740448e+23 7.718030e+12 1.038790e+15
  17.214   87.81271  228.716 2.780844e+18 3.127906e+12 5.825869e+23 7.834680e+12 1.054477e+15
  17.111   89.17117  228.826 2.822513e+18 3.079357e+12 5.913164e+23 7.953904e+12 1.070510e+15
  17.008   90.56909  228.953 2.865168e+18 3.065106e+12 6.002528e+23 8.076929e+12 1.086948e+15
  16.905   91.96701  229.080 2.907777e+18 3.050009e+12 6.091792e+23 8.199931e+12 1.103382e+15
  16.802   93.36575  229.208 2.950361e+18 3.033109e+12 6.181005e+23 8.322950e+12 1.119814e+15
  16.699   94.83894  229.356 2.994976e+18 3.026839e+12 6.274476e+23 8.451124e+12 1.137034e+15
  16.597   96.31212  229.504 3.039535e+18 3.029046e+12 6.367825e+23 8.578556e+12 1.154247e+15
  16.494   97.78534  229.652 3.084037e+18 3.029941e+12 6.461057e+23 8.705880e+12 1.171355e+15
  16.391   99.30058  229.763 3.130321e+18 3.031728e+12 6.558022e+23 8.838134e+12 1.189144e+15
  16.288  100.84700  229.845 3.177930e+18 3.038787e+12 6.657763e+23 8.972265e+12 1.207452e+15
  16.185  102.39342  229.928 3.225505e+18 3.044643e+12 6.757433e+23 9.106294e+12 1.225755e+15
  16.082  103.95139  229.998 3.273580e+18 3.049796e+12 6.858151e+23 9.241726e+12 1.244258e+15
  15.979  105.57327  230.002 3.324599e+18 3.060602e+12 6.965035e+23 9.382793e+12 1.263904e+15
  15.876  107.19514  230.006 3.375617e+18 3.072508e+12 7.071917e+23 9.522328e+12 1.283561e+15
  15.773  108.81701  230.010 3.426632e+18 3.083352e+12 7.178794e+23 9.661721e+12 1.303225e+15
  15.671  110.49960  230.072 3.478676e+18 3.096006e+12 7.287827e+23 9.802214e+12 1.323292e+15
  15.568  112.20297  230.154 3.531041e+18 3.114039e+12 7.397531e+23 9.938208e+12 1.343539e+15
  15.465  113.90634  230.236 3.583367e+18 3.131190e+12 7.507155e+23 1.007375e+13 1.363788e+15
  15.362  115.64093  230.321 3.636593e+18 3.148273e+12 7.618662e+23 1.021148e+13 1.384388e+15
  15.259  117.43192  230.411 3.691469e+18 3.166109e+12 7.733627e+23 1.036825e+13 1.405643e+15
  15.156  119.22293  230.502 3.746301e+18 3.183059e+12 7.848502e+23 1.052750e+13 1.426784e+15
  15.053  121.01392  230.592 3.801091e+18 3.199092e+12 7.963285e+23 1.068677e+13 1.447753e+15
  14.950  122.89780  230.655 3.859199e+18 3.211816e+12 8.085022e+23 1.085286e+13 1.469993e+15
  14.847  124.78236  230.719 3.917300e+18 3.218009e+12 8.206742e+23 1.101619e+13 1.492236e+15
  14.745  126.66695  230.782 3.975369e+18 3.222926e+12 8.328399e+23 1.117943e+13 1.514470e+15
  14.642  128.61658  230.832 4.035685e+18 3.225951e+12 8.454760e+23 1.135200e+13 1.537709e+15
  14.539  130.60008  230.875 4.097163e+18 3.215280e+12 8.583557e+23 1.154425e+13 1.561413e+15
  14.436  132.58357  230.918 4.158619e+18 3.202796e+12 8.712306e+23 1.173701e+13 1.585116e+15
  14.333  134.60356  230.962 4.221165e+18 3.189344e+12 8.843341e+23 1.193344e+13 1.609243e+15
  14.230  136.69020  231.010 4.285724e+18 3.176242e+12 8.978592e+23 1.213950e+13 1.634028e+15
  14.127  138.77686  231.057 4.350256e+18 3.161377e+12 9.113786e+23 1.234678e+13 1.658721e+15
  14.024  140.87198  231.105 4.415018e+18 3.144816e+12 9.249463e+23 1.255544e+13 1.683503e+15
  13.921  143.06419  231.158 4.482692e+18 3.133931e+12 9.391240e+23 1.277083e+13 1.709402e+15
  13.819  145.25641  231.211 4.550334e+18 3.125286e+12 9.532950e+23 1.298512e+13 1.735305e+15
  13.716  147.44864  231.264 4.617946e+18 3.114958e+12 9.674596e+23 1.319997e+13 1.761233e+15
  13.613  149.72919  231.314 4.688368e+18 3.107049e+12 9.822131e+23 1.341997e+13 1.788241e+15
  13.510  152.02728  231.362 4.759326e+18 3.102309e+12 9.970787e+23 1.363493e+13 1.815461e+15
  13.407  154.32535  231.411 4.830253e+18 3.096007e+12 1.011938e+24 1.385015e+13 1.842675e+15
  13.304  156.69037  231.458 4.903278e+18 3.090635e+12 1.027237e+24 1.408121e+13 1.870545e+15
  13.201  159.09813  231.504 4.977632e+18 3.094004e+12 1.042814e+24 1.439451e+13 1.898910e+15
  13.098  161.50594  231.550 5.051956e+18 3.096057e+12 1.058385e+24 1.471072e+13 1.927264e+15
  12.995  163.96106  231.604 5.127558e+18 3.097581e+12 1.074223e+24 1.503364e+13 1.956106e+15
  12.893  166.48523  231.670 5.205029e+18 3.116440e+12 1.090453e+24 1.536775e+13 1.985607e+15
  12.790  169.00940  231.735 5.282454e+18 3.136275e+12 1.106674e+24 1.570518e+13 2.015143e+15
  12.687  171.56143  231.816 5.360358e+18 3.155614e+12 1.122995e+24 1.604724e+13 2.044862e+15
  12.584  174.20801  231.947 5.439960e+18 3.185926e+12 1.139672e+24 1.640541e+13 2.075228e+15
  12.481  176.85458  232.079 5.519471e+18 3.219793e+12 1.156329e+24 1.676976e+13 2.105329e+15
  12.378  179.51062  232.214 5.599102e+18 3.253363e+12 1.173012e+24 1.713808e+13 2.135704e+15
  12.275  182.28439  232.393 5.681239e+18 3.289899e+12 1.190220e+24 1.758022e+13 2.167034e+15
  12.172  185.05817  232.572 5.763250e+18 3.327455e+12 1.207401e+24 1.807452e+13 2.198315e+15
  12.069  187.83195  232.751 5.845135e+18 3.364657e+12 1.224556e+24 1.857527e+13 2.228371e+15
  11.967  190.72874  232.907 5.931314e+18 3.405048e+12 1.242610e+24 1.908720e+13 2.261225e+15
  11.864  193.63258  233.061 6.017630e+18 3.446522e+12 1.260694e+24 1.959457e+13 2.294132e+15
  11.761  196.53636  233.215 6.103831e+18 3.487698e+12 1.278753e+24 2.010814e+13 2.326995e+15
  11.658  199.55008  233.363 6.193509e+18 3.532464e+12 1.297540e+24 2.061198e+13 2.361184e+15
  11.555  202.58456  233.509 6.283753e+18 3.580967e+12 1.316446e+24 2.106908e+13 2.393728e+15
  11.452  205.61905  233.656 6.373882e+18 3.629320e+12 1.335328e+24 2.153030e+13 2.428062e+15
  11.349  208.75601  233.799 6.467165e+18 3.677090e+12 1.354871e+24 2.205955e+13 2.463597e+15
  11.246  211.92636  233.940 6.561398e+18 3.718432e+12 1.374613e+24 2.275517e+13 2.499494e+15
  11.143  215.09668  234.082 6.655514e+18 3.759357e+12 1.394330e+24 2.346112e+13 2.532494e+15
  11.040  218.36661  234.145 6.754891e+18 3.799012e+12 1.415150e+24 2.434824e+13 2.570308e+15
  10.938  221.68198  234.171 6.856683e+18 3.822381e+12 1.436475e+24 2.593000e+13 2.609041e+15
  10.835  224.99730  234.197 6.958451e+18 3.844730e+12 1.457795e+24 2.754775e+13 2.647765e+15
  10.732  228.41154  234.170 7.064865e+18 3.864811e+12 1.480089e+24 2.915872e+13 2.684488e+15
  10.629  231.88104  234.113 7.173926e+18 3.861735e+12 1.502938e+24 3.043525e+13 2.725929e+15
  10.526  235.35051  234.056 7.283040e+18 3.856780e+12 1.525797e+24 3.173711e+13 2.767389e+15
  10.423  238.92125  233.983 7.395831e+18 3.847239e+12 1.549427e+24 3.355284e+13 2.810248e+15
  10.320  242.55348  233.901 7.510902e+18 3.803289e+12 1.573534e+24 3.886000e+13 2.849983e+15
  10.217  246.18568  233.819 7.626052e+18 3.756196e+12 1.597658e+24 4.431429e+13 2.893676e+15
  10.114  249.92538  233.673 7.746737e+18 3.706439e+12 1.622941e+24 5.019558e+13 2.939470e+15
  10.012  253.72804  233.489 7.870791e+18 3.640449e+12 1.648931e+24 5.791357e+13 2.986541e+15
   9.909  257.53073  233.306 7.995041e+18 3.570594e+12 1.674961e+24 6.585119e+13 3.033688e+15
   9.806  261.45267  233.204 8.120349e+18 3.498814e+12 1.701213e+24 7.261847e+13 3.076547e+15
   9.703  265.43393  233.142 8.246174e+18 3.431222e+12 1.727574e+24 7.253476e+13 3.124218e+15
   9.600  269.41522  233.081 8.372066e+18 3.359940e+12 1.753948e+24 7.241473e+13 3.171914e+15
   9.497  273.53314  233.022 8.502186e+18 3.278404e+12 1.781208e+24 7.267926e+13 3.221213e+15
   9.394  277.70044  232.963 8.633875e+18 3.166302e+12 1.808797e+24 7.420756e+13 3.267298e+15
   9.291  281.86777  232.905 8.765631e+18 3.049254e+12 1.836400e+24 7.574869e+13 3.317158e+15
   9.188  286.19412  232.982 8.897226e+18 2.930030e+12 1.863969e+24 7.772511e+13 3.366957e+15
   9.086  290.55276  233.087 9.028669e+18 2.811725e+12 1.891506e+24 8.059564e+13 3.416699e+15
   8.983  294.91144  233.192 9.159995e+18 2.688680e+12 1.919019e+24 8.351524e+13 3.462085e+15
   8.880  299.45526  233.345 9.295005e+18 2.577222e+12 1.947304e+24 9.772646e+13 3.513113e+15
   8.777  304.00781  233.501 9.430015e+18 2.479914e+12 1.975588e+24 1.259196e+14 3.564141e+15
   8.674  308.58118  233.656 9.565536e+18 2.378876e+12 2.003980e+24 1.548876e+14 3.615362e+15
   8.571  313.33304  233.801 9.706808e+18 2.328392e+12 2.033576e+24 1.813728e+14 3.665954e+15
   8.468  318.08493  233.946 9.847905e+18 2.310627e+12 2.063136e+24 2.063257e+14 3.719242e+15
   8.365  322.89438  234.042 9.992707e+18 2.292232e+12 2.093472e+24 2.320041e+14 3.773930e+15
   8.262  327.85397  234.010 1.014759e+19 2.311778e+12 2.125920e+24 2.438203e+14 3.832423e+15
   8.160  332.81363  233.978 1.030251e+19 2.341674e+12 2.158377e+24 2.515882e+14 3.887915e+15
   8.057  337.87488  233.766 1.046868e+19 2.373955e+12 2.193188e+24 2.597568e+14 3.950622e+15
   7.954  343.04874  233.354 1.064773e+19 2.322690e+12 2.230700e+24 3.242255e+14 4.018193e+15
   7.851  348.22266  232.942 1.082742e+19 2.266148e+12 2.268345e+24 3.922370e+14 4.086003e+15
   7.748  353.54810  232.530 1.101250e+19 2.194854e+12 2.307118e+24 4.868275e+14 4.153175e+15
   7.645  358.93997  232.118 1.120031e+19 2.067207e+12 2.346464e+24 6.865397e+14 4.224005e+15
   7.542  364.33188  231.705 1.138879e+19 1.934137e+12 2.385952e+24 8.927228e+14 4.295088e+15
   7.439  369.92792  231.742 1.156192e+19 1.807546e+12 2.422222e+24 1.131080e+15 4.360380e+15
   7.336  375.53766  231.808 1.173389e+19 1.694972e+12 2.458250e+24 1.411602e+15 4.422855e+15
   7.234  381.18915  231.970 1.190216e+19 1.577820e+12 2.493503e+24 1.699325e+15 4.486282e+15
   7.131  387.01129  232.522 1.205525e+19 1.429599e+12 2.525574e+24 1.968630e+15 4.543984e+15
   7.028  392.83344  233.074 1.220761e+19 1.265891e+12 2.557493e+24 2.233734e+15 4.601412e+15
   6.925  398.75024  233.783 1.235394e+19 1.097110e+12 2.588151e+24 2.503616e+15 4.654194e+15
   6.822  404.77466  234.668 1.249329e+19 1.037483e+12 2.617344e+24 2.828908e+15 4.706690e+15
   6.719  410.79901  235.553 1.263158e+19 9.799798e+11 2.646317e+24 3.162276e+15 4.758792e+15
   6.616  416.97308  236.425 1.277411e+19 9.402564e+11 2.676176e+24 3.508080e+15 4.812487e+15
   6.513  423.19870  237.294 1.291740e+19 9.590184e+11 2.706196e+24 3.875660e+15 4.864301e+15
   6.410  429.42868  238.161 1.305980e+19 9.778959e+11 2.736029e+24 4.250232e+15 4.917925e+15
   6.308  435.85983  239.010 1.320833e+19 9.773823e+11 2.767145e+24 4.617793e+15 4.973856e+15
   6.205  442.29102  239.858 1.335581e+19 9.579168e+11 2.798042e+24 4.976907e+15 5.029392e+15
   6.102  448.78458  240.716 1.350360e+19 9.378028e+11 2.829005e+24 5.342939e+15 5.082904e+15
   5.999  455.42368  241.595 1.365350e+19 9.035507e+11 2.860407e+24 5.762621e+15 5.139325e+15
   5.896  462.06277  242.475 1.380230e+19 8.648134e+11 2.891582e+24 6.201335e+15 5.195337e+15
   5.793  468.82224  243.363 1.395311e+19 8.257677e+11 2.923177e+24 6.660686e+15 5.252104e+15
   5.690  475.66891  244.257 1.410505e+19 7.929841e+11 2.955007e+24 7.264254e+15 5.307098e+15
   5.587  482.51562  245.151 1.425587e+19 7.592416e+11 2.986606e+24 7.878652e+15 5.363848e+15
   5.484  489.53708  246.022 1.441215e+19 7.343088e+11 3.019346e+24 8.561180e+15 5.422648e+15
   5.381  496.58752  246.888 1.456841e+19 7.257625e+11 3.052083e+24 9.353801e+15 5.481442e+15
   5.279  503.66501  247.751 1.472457e+19 7.168568e+11 3.084797e+24 1.016136e+16 5.537971e+15
   5.176  510.91577  248.593 1.488595e+19 7.201999e+11 3.118607e+24 1.109690e+16 5.598668e+15
   5.073  518.16656  249.435 1.504625e+19 7.305753e+11 3.152189e+24 1.211286e+16 5.658956e+15
   4.970  525.50378  250.264 1.520875e+19 7.411142e+11 3.186234e+24 1.314984e+16 5.720074e+15
   4.867  532.96112  251.075 1.537475e+19 7.581728e+11 3.221009e+24 1.425000e+16 5.780127e+15
   4.764  540.41840  251.887 1.553967e+19 7.759353e+11 3.255561e+24 1.537340e+16 5.842130e+15
   4.661  548.03070  252.664 1.571007e+19 7.925911e+11 3.291260e+24 1.649985e+16 5.906192e+15
   4.558  555.70135  253.429 1.588188e+19 8.040149e+11 3.327255e+24 1.756818e+16 5.970784e+15
   4.455  563.38831  254.192 1.605323e+19 8.154750e+11 3.363153e+24 1.865520e+16 6.032595e+15
   4.353  571.27753  254.934 1.623067e+19 8.234936e+11 3.400326e+24 1.974951e+16 6.099273e+15
   4.250  579.16669  255.675 1.640708e+19 8.285891e+11 3.437282e+24 2.084750e+16 6.165564e+15
   4.147  587.16162  256.411 1.658587e+19 8.337220e+11 3.474740e+24 2.196765e+16 6.232752e+15
   4.044  595.27313  257.139 1.676740e+19 8.330338e+11 3.512769e+24 2.322098e+16 6.298099e+15
   3.941  603.38464  257.867 1.694790e+19 8.319342e+11 3.550585e+24 2.449755e+16 6.365899e+15
   3.838  611.70679  258.582 1.713411e+19 8.294652e+11 3.589595e+24 2.590800e+16 6.435842e+15
   3.735  620.04254  259.297 1.731972e+19 8.248682e+11 3.628481e+24 2.747575e+16 6.502408e+15
   3.632  628.48474  260.010 1.750741e+19 8.200775e+11 3.667803e+24 2.907455e+16 6.572874e+15
   3.529  637.04456  260.720 1.769749e+19 8.154228e+11 3.707624e+24 3.097777e+16 6.644234e+15
   3.427  645.62463  261.430 1.788715e+19 8.104660e+11 3.747358e+24 3.292129e+16 6.715440e+15
   3.324  654.40619  262.132 1.808193e+19 8.054741e+11 3.788165e+24 3.501977e+16 6.784964e+15
   3.221  663.18774  262.833 1.827567e+19 8.001579e+11 3.828753e+24 3.723105e+16 6.857663e+15
   3.118  672.14221  263.496 1.847579e+19 7.946392e+11 3.870678e+24 3.953207e+16 6.932754e+15
   3.015  681.14142  264.150 1.867683e+19 7.884101e+11 3.912795e+24 4.196647e+16 7.004173e+15
   2.912  690.26489  264.821 1.887906e+19 7.820233e+11 3.955163e+24 4.446833e+16 7.080015e+15
   2.809  699.47577  265.503 1.908180e+19 7.765266e+11 3.997638e+24 4.724166e+16 7.156047e+15
   2.706  708.78424  266.172 1.928715e+19 7.708384e+11 4.040658e+24 5.007054e+16 7.228574e+15
   2.603  718.20032  266.826 1.949548e+19 7.680791e+11 4.084303e+24 5.342322e+16 7.306654e+15
   2.501  727.70898  267.440 1.970827e+19 7.653341e+11 4.128882e+24 5.686058e+16 7.386405e+15
   2.398  737.32581  268.006 1.992650e+19 7.673010e+11 4.174603e+24 6.036390e+16 7.463134e+15
   2.295  747.04932  268.559 2.014775e+19 7.695997e+11 4.220954e+24 6.395053e+16 7.545998e+15
   2.192  756.86157  269.100 2.037135e+19 7.753413e+11 4.267799e+24 6.784704e+16 7.629745e+15
   2.089  766.81195  269.572 2.060302e+19 7.820377e+11 4.316333e+24 7.201724e+16 7.710590e+15
   1.986  776.81616  270.021 2.083712e+19 7.911735e+11 4.365376e+24 7.686468e+16 7.798198e+15
   1.883  786.99927  270.602 2.106490e+19 8.005505e+11 4.413097e+24 8.164313e+16 7.876770e+15
   1.780  797.25195  271.224 2.129043e+19 8.103085e+11 4.460345e+24 8.636943e+16 7.961101e+15
   1.677  807.60901  271.905 2.151296e+19 8.180335e+11 4.506965e+24 9.088189e+16 8.044312e+15
   1.575  818.11084  272.578 2.173896e+19 8.259683e+11 4.554313e+24 9.542624e+16 8.121393e+15
   1.472  828.70276  273.231 2.196772e+19 8.345059e+11 4.602237e+24 1.000147e+17 8.206853e+15
   1.369  839.39618  273.873 2.219904e+19 8.491484e+11 4.650699e+24 1.032518e+17 8.285252e+15
   1.266  850.21539  274.575 2.242773e+19 8.685189e+11 4.698609e+24 1.055217e+17 8.370605e+15
   1.163  861.15259  275.242 2.266118e+19 8.911583e+11 4.747518e+24 1.075051e+17 8.449571e+15
   1.060  872.19751  275.864 2.290003e+19 9.117798e+11 4.797557e+24 1.100708e+17 8.538630e+15
   0.957  883.35541  276.460 2.314298e+19 9.204077e+11 4.848454e+24 1.133274e+17 8.621549e+15
   0.854  894.62952  277.062 2.338744e+19 9.130250e+11 4.899669e+24 1.173145e+17 8.712619e+15
   0.751  906.02112  277.667 2.363363e+19 8.973590e+11 4.951246e+24 1.223265e+17 8.797502e+15
   0.649  917.53149  278.330 2.387692e+19 8.826941e+11 5.002216e+24 1.287884e+17 8.882450e+15
   0.546  929.16382  278.924 2.412808e+19 8.720119e+11 5.054833e+24 1.367602e+17 8.975883e+15
   0.443  940.90546  279.466 2.438564e+19 8.673854e+11 5.108791e+24 1.456509e+17 9.068327e+15
   0.340  952.79852  279.977 2.464881e+19 8.679001e+11 5.163924e+24 1.541099e+17 9.165127e+15
   0.237  964.84088  280.460 2.491728e+19 8.727409e+11 5.220171e+24 1.610978e+17 9.266243e+15
   0.134  977.00836  281.133 2.517113e+19 8.751572e+11 5.273351e+24 1.663062e+17 9.364341e+15
