  65.328    0.13350  231.600 4.174940e+15 1.654003e+09 8.746499e+20 1.698980e+10 1.557996e+12
  60.328    0.25206  247.949 7.362941e+15 4.771237e+09 1.542536e+21 3.080362e+10 2.747745e+12
  55.328    0.47391  263.399 1.303150e+16 1.378443e+10 2.730099e+21 5.601221e+10 4.863329e+12
  50.328    0.89848  275.159 2.365065e+16 3.964290e+10 4.954811e+21 1.016705e+11 8.826634e+12
  45.328    1.66978  268.706 4.500896e+16 1.204932e+11 9.429377e+21 1.909454e+11 1.679908e+13
  40.328    3.10085  255.304 8.797122e+16 3.737343e+11 1.842997e+22 3.613414e+11 3.284201e+13
  39.828    3.32035  253.162 9.499536e+16 4.945920e+11 1.990153e+22 3.782656e+11 3.547091e+13
  39.333    3.55272  251.527 1.023042e+17 5.461137e+11 2.143273e+22 4.040547e+11 3.820105e+13
  38.837    3.79926  250.362 1.099126e+17 5.924576e+11 2.302670e+22 4.317108e+11 4.104337e+13
  38.341    4.05519  249.331 1.178015e+17 6.411209e+11 2.467942e+22 4.601307e+11 4.399058e+13
  37.845    4.33849  248.692 1.263553e+17 6.898488e+11 2.647143e+22 4.916819e+11 4.718614e+13
  37.350    4.62517  248.039 1.350591e+17 7.381653e+11 2.829489e+22 5.238719e+11 5.043781e+13
  36.854    4.95447  247.209 1.451608e+17 7.926405e+11 3.041119e+22 5.617139e+11 5.421180e+13
  36.358    5.28376  246.379 1.553305e+17 8.461166e+11 3.254174e+22 6.000015e+11 5.801149e+13
  35.862    5.66870  245.351 1.673448e+17 9.083701e+11 3.505873e+22 6.457026e+11 6.250022e+13
  35.367    6.05636  244.310 1.795507e+17 9.701363e+11 3.761587e+22 6.925219e+11 6.706094e+13
  34.871    6.50514  242.964 1.939240e+17 1.039829e+12 4.062708e+22 7.471732e+11 7.243166e+13
  34.375    6.96642  241.652 2.088025e+17 1.108156e+12 4.374412e+22 8.032047e+11 7.799161e+13
  33.879    7.47862  240.481 2.252462e+17 1.176252e+12 4.718909e+22 8.635020e+11 8.413693e+13
  33.384    8.02033  239.401 2.426509e+17 1.243293e+12 5.083537e+22 9.263080e+11 9.064183e+13
  32.888    8.60052  238.442 2.612518e+17 1.299282e+12 5.473225e+22 9.917069e+11 9.759493e+13
  32.392    9.23571  237.393 2.817863e+17 1.355104e+12 5.903422e+22 1.061667e+12 1.052713e+14
  31.896    9.89849  236.314 3.033861e+17 1.399382e+12 6.355940e+22 1.128185e+12 1.133472e+14
  31.400   10.62730  235.254 3.271924e+17 1.447282e+12 6.854680e+22 1.201140e+12 1.222494e+14
  30.905   11.40002  234.208 3.525494e+17 1.494488e+12 7.385909e+22 1.277938e+12 1.317326e+14
  30.409   12.21179  233.177 3.793240e+17 1.542559e+12 7.946838e+22 1.363777e+12 1.417484e+14
  29.913   13.12307  232.173 4.093926e+17 1.596815e+12 8.576774e+22 1.461400e+12 1.529980e+14
  29.417   14.09745  231.187 4.416651e+17 1.652556e+12 9.252884e+22 1.567003e+12 1.650744e+14
  28.922   15.14633  230.256 4.764458e+17 1.720086e+12 9.981540e+22 1.678682e+12 1.780940e+14
  28.426   16.31089  229.550 5.146549e+17 1.807882e+12 1.078202e+23 1.801444e+12 1.924000e+14
  27.930   17.59757  228.818 5.570312e+17 1.919567e+12 1.166980e+23 1.937548e+12 2.082715e+14
  27.434   18.99237  228.207 6.027904e+17 2.050589e+12 1.262846e+23 2.083049e+12 2.254157e+14
  26.939   20.49206  227.780 6.516085e+17 2.177090e+12 1.365120e+23 2.228955e+12 2.437169e+14
  26.443   22.08975  227.457 7.034105e+17 2.300346e+12 1.473645e+23 2.381299e+12 2.631458e+14
  25.947   23.78950  227.012 7.590198e+17 2.450117e+12 1.590146e+23 2.544040e+12 2.840149e+14
  25.451   25.61276  226.752 8.181281e+17 2.632485e+12 1.713978e+23 2.711017e+12 3.062089e+14
  24.956   27.57458  226.406 8.821392e+17 2.819301e+12 1.848082e+23 2.884208e+12 3.302620e+14
  24.460   29.67780  225.853 9.517508e+17 2.973149e+12 1.993918e+23 3.067823e+12 3.564385e+14
  23.964   31.93552  225.559 1.025487e+18 3.119414e+12 2.148394e+23 3.254494e+12 3.841984e+14
  23.468   34.36728  225.604 1.103353e+18 3.350821e+12 2.311524e+23 3.431284e+12 4.135434e+14
  22.973   36.99746  225.933 1.186064e+18 3.650105e+12 2.484805e+23 3.615596e+12 4.447475e+14
  22.477   39.85223  226.335 1.275314e+18 3.915121e+12 2.671783e+23 3.822003e+12 4.784925e+14
  21.981   42.95580  226.558 1.373282e+18 4.075195e+12 2.877027e+23 4.033958e+12 5.155768e+14
  21.485   46.32434  226.648 1.480383e+18 4.079520e+12 3.101403e+23 4.277503e+12 5.561747e+14
  20.990   49.97752  226.651 1.597109e+18 4.012468e+12 3.345944e+23 4.545294e+12 6.005285e+14
  20.494   53.88389  226.872 1.720265e+18 3.999858e+12 3.603956e+23 4.833622e+12 6.474143e+14
  20.195   56.34438  227.089 1.797097e+18 3.932373e+12 3.764918e+23 5.024642e+12 6.768452e+14
  20.092   57.23666  227.182 1.824811e+18 3.863798e+12 3.822980e+23 5.094858e+12 6.875593e+14
  19.989   58.12894  227.274 1.852504e+18 3.855124e+12 3.880995e+23 5.170420e+12 6.981422e+14
  19.886   59.02122  227.367 1.880173e+18 3.844389e+12 3.938962e+23 5.245865e+12 7.087208e+14
  19.783   59.92166  227.458 1.908093e+18 3.832149e+12 3.997454e+23 5.321958e+12 7.193986e+14
  19.680   60.86549  227.540 1.937445e+18 3.822375e+12 4.058947e+23 5.403153e+12 7.306270e+14
  19.577   61.80931  227.623 1.966776e+18 3.811357e+12 4.120395e+23 5.484879e+12 7.418552e+14
  19.474   62.75314  227.705 1.996086e+18 3.798246e+12 4.181799e+23 5.566544e+12 7.530806e+14
  19.372   63.71331  227.773 2.026025e+18 3.784257e+12 4.244523e+23 5.649965e+12 7.645487e+14
  19.269   64.71189  227.806 2.057482e+18 3.766468e+12 4.310426e+23 5.737385e+12 7.766027e+14
  19.166   65.71048  227.839 2.088931e+18 3.745174e+12 4.376310e+23 5.824713e+12 7.886544e+14
  19.063   66.70905  227.871 2.120370e+18 3.721491e+12 4.442174e+23 5.912004e+12 8.006986e+14
  18.960   67.73724  227.906 2.152722e+18 3.697106e+12 4.509952e+23 6.001811e+12 8.130931e+14
  18.857   68.79334  227.943 2.185934e+18 3.679036e+12 4.579531e+23 6.092676e+12 8.258279e+14
  18.754   69.84944  227.980 2.219135e+18 3.658668e+12 4.649088e+23 6.183458e+12 8.385644e+14
  18.651   70.90557  228.016 2.252326e+18 3.636000e+12 4.718622e+23 6.274160e+12 8.513030e+14
  18.548   72.00998  228.044 2.287128e+18 3.618243e+12 4.791532e+23 6.370862e+12 8.646537e+14
  18.445   73.12661  228.070 2.322332e+18 3.609959e+12 4.865285e+23 6.472420e+12 8.781694e+14
  18.343   74.24326  228.096 2.357528e+18 3.599724e+12 4.939021e+23 6.574064e+12 8.916885e+14
  18.240   75.36916  228.122 2.393005e+18 3.587968e+12 5.013344e+23 6.676595e+12 9.053200e+14
  18.137   76.55057  228.152 2.430199e+18 3.564240e+12 5.091266e+23 6.788485e+12 9.196156e+14
  18.034   77.73201  228.181 2.467384e+18 3.531004e+12 5.169168e+23 6.903107e+12 9.339104e+14
  17.931   78.91341  228.211 2.504558e+18 3.495109e+12 5.247050e+23 7.018025e+12 9.482019e+14
  17.828   80.13252  228.257 2.542733e+18 3.457026e+12 5.327026e+23 7.135875e+12 9.628794e+14
  17.725   81.38296  228.318 2.581729e+18 3.398440e+12 5.408722e+23 7.252246e+12 9.778871e+14
  17.622   82.63337  228.378 2.620703e+18 3.336452e+12 5.490374e+23 7.368765e+12 9.928942e+14
  17.519   83.88394  228.438 2.659662e+18 3.271077e+12 5.571991e+23 7.485449e+12 1.007880e+15
  17.417   85.20694  228.532 2.700503e+18 3.217348e+12 5.657553e+23 7.604882e+12 1.023573e+15
  17.314   86.52992  228.626 2.741309e+18 3.173293e+12 5.743043e+23 7.721573e+12 1.039266e+15
  17.211   87.85290  228.719 2.782082e+18 3.126442e+12 5.828463e+23 7.838223e+12 1.054953e+15
  17.108   89.21363  228.830 2.823809e+18 3.077998e+12 5.915881e+23 7.957616e+12 1.071009e+15
  17.005   90.61155  228.957 2.866463e+18 3.064674e+12 6.005241e+23 8.080666e+12 1.087447e+15
  16.902   92.00948  229.084 2.909070e+18 3.049522e+12 6.094502e+23 8.203666e+12 1.103881e+15
  16.799   93.41049  229.212 2.951716e+18 3.032631e+12 6.183846e+23 8.326865e+12 1.120337e+15
  16.696   94.88368  229.360 2.996331e+18 3.026925e+12 6.277313e+23 8.454996e+12 1.137557e+15
  16.593   96.35686  229.509 3.040887e+18 3.029092e+12 6.370659e+23 8.582425e+12 1.154770e+15
  16.491   97.83009  229.657 3.085388e+18 3.029948e+12 6.463888e+23 8.709745e+12 1.171874e+15
  16.388   99.34756  229.765 3.131768e+18 3.031961e+12 6.561054e+23 8.842210e+12 1.189700e+15
  16.285  100.89400  229.848 3.179376e+18 3.038982e+12 6.660793e+23 8.976339e+12 1.208009e+15
  16.182  102.44041  229.930 3.226950e+18 3.044802e+12 6.760460e+23 9.110365e+12 1.226311e+15
  16.079  104.00067  229.998 3.275131e+18 3.050017e+12 6.861398e+23 9.246095e+12 1.244855e+15
  15.976  105.62254  230.002 3.326149e+18 3.060980e+12 6.968282e+23 9.387035e+12 1.264501e+15
  15.873  107.24442  230.006 3.377167e+18 3.072854e+12 7.075164e+23 9.526565e+12 1.284158e+15
  15.770  108.86629  230.010 3.428182e+18 3.083665e+12 7.182041e+23 9.665954e+12 1.303823e+15
  15.667  110.55135  230.074 3.480268e+18 3.096567e+12 7.291161e+23 9.806352e+12 1.323906e+15
  15.565  112.25473  230.156 3.532631e+18 3.114573e+12 7.400863e+23 9.942331e+12 1.344154e+15
  15.462  113.95808  230.238 3.584957e+18 3.131698e+12 7.510484e+23 1.007786e+13 1.364403e+15
  15.359  115.69534  230.324 3.638261e+18 3.148823e+12 7.622157e+23 1.021580e+13 1.385034e+15
  15.256  117.48633  230.414 3.693135e+18 3.166637e+12 7.737118e+23 1.037309e+13 1.406289e+15
  15.153  119.27734  230.504 3.747967e+18 3.183559e+12 7.851990e+23 1.053233e+13 1.427421e+15
  15.050  121.07047  230.594 3.802832e+18 3.199629e+12 7.966933e+23 1.069183e+13 1.448420e+15
  14.947  122.95506  230.657 3.860964e+18 3.212022e+12 8.088721e+23 1.085782e+13 1.470669e+15
  14.844  124.83962  230.721 3.919064e+18 3.218177e+12 8.210440e+23 1.102115e+13 1.492911e+15
  14.741  126.72421  230.784 3.977133e+18 3.223056e+12 8.332094e+23 1.118439e+13 1.515148e+15
  14.639  128.67685  230.833 4.037553e+18 3.225653e+12 8.458675e+23 1.135783e+13 1.538430e+15
  14.536  130.66034  230.876 4.099031e+18 3.214927e+12 8.587470e+23 1.155010e+13 1.562133e+15
  14.433  132.64384  230.919 4.160485e+18 3.202389e+12 8.716216e+23 1.174287e+13 1.585836e+15
  14.330  134.66695  230.964 4.223127e+18 3.188952e+12 8.847452e+23 1.193959e+13 1.610000e+15
  14.227  136.75362  231.011 4.287686e+18 3.175818e+12 8.982701e+23 1.214579e+13 1.634779e+15
  14.124  138.84026  231.058 4.352216e+18 3.160896e+12 9.117893e+23 1.235309e+13 1.659471e+15
  14.021  140.93860  231.106 4.417075e+18 3.144348e+12 9.253773e+23 1.256205e+13 1.684291e+15
  13.918  143.13080  231.160 4.484747e+18 3.133692e+12 9.395546e+23 1.277733e+13 1.710189e+15
  13.815  145.32301  231.213 4.552389e+18 3.124997e+12 9.537254e+23 1.299164e+13 1.736093e+15
  13.713  147.51524  231.266 4.619999e+18 3.114618e+12 9.678899e+23 1.320651e+13 1.762021e+15
  13.610  149.79900  231.315 4.690524e+18 3.106928e+12 9.826648e+23 1.342650e+13 1.789068e+15
  13.507  152.09711  231.364 4.761482e+18 3.102142e+12 9.975304e+23 1.364147e+13 1.816288e+15
  13.404  154.39517  231.413 4.832408e+18 3.095791e+12 1.012389e+24 1.385669e+13 1.843502e+15
  13.301  156.76352  231.460 4.905537e+18 3.090757e+12 1.027710e+24 1.409068e+13 1.871407e+15
  13.198  159.17130  231.506 4.979890e+18 3.094086e+12 1.043287e+24 1.440408e+13 1.899772e+15
  13.095  161.57909  231.552 5.054214e+18 3.096098e+12 1.058858e+24 1.472037e+13 1.928126e+15
  12.992  164.03773  231.606 5.129912e+18 3.097641e+12 1.074717e+24 1.504367e+13 1.957004e+15
  12.889  166.56192  231.672 5.207381e+18 3.117054e+12 1.090946e+24 1.537796e+13 1.986505e+15
  12.786  169.08609  231.737 5.284806e+18 3.136865e+12 1.107167e+24 1.571549e+13 2.016040e+15
  12.684  171.64182  231.820 5.362777e+18 3.156220e+12 1.123502e+24 1.605784e+13 2.045785e+15
  12.581  174.28842  231.951 5.442377e+18 3.186961e+12 1.140178e+24 1.641643e+13 2.076150e+15
  12.478  176.93500  232.083 5.521885e+18 3.220815e+12 1.156835e+24 1.678088e+13 2.106250e+15
  12.375  179.59488  232.219 5.601599e+18 3.254423e+12 1.173535e+24 1.714956e+13 2.136656e+15
  12.272  182.36865  232.398 5.683732e+18 3.291046e+12 1.190742e+24 1.759514e+13 2.167985e+15
  12.169  185.14243  232.577 5.765739e+18 3.328590e+12 1.207922e+24 1.808964e+13 2.199265e+15
  12.066  187.91623  232.756 5.847621e+18 3.365781e+12 1.225077e+24 1.859058e+13 2.229319e+15
  11.963  190.81697  232.911 5.933938e+18 3.406313e+12 1.243160e+24 1.910253e+13 2.262226e+15
  11.860  193.72079  233.066 6.020251e+18 3.447778e+12 1.261243e+24 1.961008e+13 2.295131e+15
  11.758  196.62459  233.220 6.106449e+18 3.488945e+12 1.279301e+24 2.012385e+13 2.327993e+15
  11.655  199.64227  233.367 6.196252e+18 3.533939e+12 1.298115e+24 2.062581e+13 2.362229e+15
  11.552  202.67677  233.514 6.286492e+18 3.582438e+12 1.317020e+24 2.108303e+13 2.394772e+15
  11.449  205.71123  233.660 6.376618e+18 3.630786e+12 1.335902e+24 2.154437e+13 2.429104e+15
  11.346  208.85234  233.803 6.470030e+18 3.678352e+12 1.355471e+24 2.208053e+13 2.464688e+15
  11.243  212.02269  233.945 6.564259e+18 3.719681e+12 1.375212e+24 2.277646e+13 2.500584e+15
  11.140  215.19301  234.087 6.658371e+18 3.760594e+12 1.394929e+24 2.348273e+13 2.533581e+15
  11.037  218.46733  234.146 6.757984e+18 3.799737e+12 1.415798e+24 2.439576e+13 2.571485e+15
  10.934  221.78270  234.172 6.859775e+18 3.823075e+12 1.437123e+24 2.597862e+13 2.610217e+15
  10.832  225.09802  234.198 6.961543e+18 3.845393e+12 1.458443e+24 2.759746e+13 2.648941e+15
  10.729  228.51695  234.168 7.068178e+18 3.864745e+12 1.480783e+24 2.919713e+13 2.685747e+15
  10.626  231.98645  234.111 7.177240e+18 3.861612e+12 1.503632e+24 3.047442e+13 2.727188e+15
  10.523  235.45592  234.054 7.286355e+18 3.856600e+12 1.526491e+24 3.177706e+13 2.768649e+15
  10.420  239.03160  233.981 7.399327e+18 3.845951e+12 1.550159e+24 3.371192e+13 2.811576e+15
  10.317  242.66379  233.899 7.514397e+18 3.801904e+12 1.574266e+24 3.902353e+13 2.851309e+15
  10.214  246.29604  233.816 7.629551e+18 3.754717e+12 1.598391e+24 4.448225e+13 2.895004e+15
  10.111  250.04094  233.667 7.750504e+18 3.704491e+12 1.623731e+24 5.042684e+13 2.940899e+15
  10.008  253.84357  233.484 7.874563e+18 3.638384e+12 1.649721e+24 5.815148e+13 2.987973e+15
   9.906  257.64627  233.300 7.998820e+18 3.568412e+12 1.675753e+24 6.609579e+13 3.035121e+15
   9.803  261.57364  233.202 8.124170e+18 3.496815e+12 1.702014e+24 7.261646e+13 3.077994e+15
   9.700  265.55487  233.140 8.249998e+18 3.429111e+12 1.728375e+24 7.253165e+13 3.125667e+15
   9.597  269.53613  233.079 8.375892e+18 3.357717e+12 1.754749e+24 7.241052e+13 3.173364e+15
   9.494  273.65976  233.020 8.506188e+18 3.275073e+12 1.782046e+24 7.272551e+13 3.222729e+15
   9.391  277.82706  232.962 8.637878e+18 3.162819e+12 1.809636e+24 7.425420e+13 3.268813e+15
   9.288  281.99438  232.903 8.769635e+18 3.045621e+12 1.837239e+24 7.579573e+13 3.318673e+15
   9.185  286.32651  232.985 8.901219e+18 2.926507e+12 1.864805e+24 7.781157e+13 3.368468e+15
   9.082  290.68518  233.090 9.032661e+18 2.808057e+12 1.892343e+24 8.068363e+13 3.418210e+15
   8.980  295.04385  233.195 9.163984e+18 2.684868e+12 1.919855e+24 8.360472e+13 3.463593e+15
   8.877  299.59360  233.350 9.299110e+18 2.574323e+12 1.948164e+24 9.857174e+13 3.514665e+15
   8.774  304.14612  233.506 9.434113e+18 2.476897e+12 1.976447e+24 1.267881e+14 3.565690e+15
   8.671  308.72549  233.660 9.569829e+18 2.375789e+12 2.004879e+24 1.557826e+14 3.616985e+15
   8.568  313.47742  233.805 9.711098e+18 2.327875e+12 2.034475e+24 1.821213e+14 3.667575e+15
   8.465  318.22931  233.951 9.852189e+18 2.310063e+12 2.064034e+24 2.070937e+14 3.720860e+15
   8.362  323.04504  234.041 9.997413e+18 2.291720e+12 2.094458e+24 2.328016e+14 3.775707e+15
   8.259  328.00464  234.009 1.015229e+19 2.312689e+12 2.126906e+24 2.440545e+14 3.834201e+15
   8.156  332.96426  233.977 1.030722e+19 2.342579e+12 2.159362e+24 2.518261e+14 3.889691e+15
   8.054  338.03198  233.753 1.047411e+19 2.374617e+12 2.194326e+24 2.602768e+14 3.952671e+15
   7.951  343.20590  233.342 1.065318e+19 2.321018e+12 2.231842e+24 3.262603e+14 4.020250e+15
   7.848  348.37985  232.930 1.083289e+19 2.264383e+12 2.269491e+24 3.943359e+14 4.088068e+15
   7.745  353.71182  232.518 1.101819e+19 2.191056e+12 2.308311e+24 4.927991e+14 4.155322e+15
   7.642  359.10376  232.105 1.120602e+19 2.063245e+12 2.347662e+24 6.927066e+14 4.226161e+15
   7.539  364.49567  231.693 1.139453e+19 1.930011e+12 2.387153e+24 8.990866e+14 4.297251e+15
   7.436  370.09827  231.744 1.156714e+19 1.804187e+12 2.423316e+24 1.139486e+15 4.362350e+15
   7.333  375.70801  231.810 1.173911e+19 1.691489e+12 2.459344e+24 1.420242e+15 4.424822e+15
   7.230  381.36597  231.986 1.190682e+19 1.574140e+12 2.494480e+24 1.708117e+15 4.488038e+15
   7.127  387.18811  232.539 1.205989e+19 1.424694e+12 2.526546e+24 1.976596e+15 4.545732e+15
   7.025  393.01028  233.091 1.221222e+19 1.260846e+12 2.558461e+24 2.241879e+15 4.603152e+15
   6.922  398.93323  233.809 1.235819e+19 1.091898e+12 2.589041e+24 2.511863e+15 4.655795e+15
   6.819  404.95761  234.695 1.249750e+19 1.035760e+12 2.618227e+24 2.838940e+15 4.708278e+15
   6.716  410.98203  235.580 1.263577e+19 9.782086e+11 2.647194e+24 3.172501e+15 4.760368e+15
   6.613  417.16220  236.452 1.277848e+19 9.408248e+11 2.677092e+24 3.519143e+15 4.814133e+15
   6.510  423.38779  237.320 1.292174e+19 9.595898e+11 2.707104e+24 3.886933e+15 4.865934e+15
   6.407  429.62399  238.187 1.306433e+19 9.784872e+11 2.736977e+24 4.261787e+15 4.919630e+15
   6.304  436.05515  239.036 1.321282e+19 9.768020e+11 2.768087e+24 4.628605e+15 4.975548e+15
   6.201  442.48633  239.884 1.336027e+19 9.573139e+11 2.798976e+24 4.987913e+15 5.031072e+15
   6.099  448.98624  240.743 1.350817e+19 9.371866e+11 2.829962e+24 5.354196e+15 5.084623e+15
   5.996  455.62537  241.622 1.365803e+19 9.023903e+11 2.861358e+24 5.775835e+15 5.141032e+15
   5.893  462.26440  242.501 1.380681e+19 8.636194e+11 2.892526e+24 6.214781e+15 5.197032e+15
   5.790  469.03015  243.390 1.395774e+19 8.247862e+11 2.924147e+24 6.678857e+15 5.253847e+15
   5.687  475.87686  244.284 1.410964e+19 7.919733e+11 2.955971e+24 7.282756e+15 5.308828e+15
   5.584  482.72354  245.178 1.426044e+19 7.582019e+11 2.987562e+24 7.897480e+15 5.365564e+15
   5.481  489.75122  246.048 1.441691e+19 7.340553e+11 3.020344e+24 8.585042e+15 5.424440e+15
   5.378  496.80167  246.914 1.457314e+19 7.254965e+11 3.053073e+24 9.378099e+15 5.483222e+15
   5.275  503.88519  247.777 1.472949e+19 7.165892e+11 3.085827e+24 1.018624e+16 5.539820e+15
   5.173  511.13599  248.619 1.489084e+19 7.205148e+11 3.119630e+24 1.112748e+16 5.600505e+15
   5.070  518.38678  249.461 1.505110e+19 7.308905e+11 3.153205e+24 1.214400e+16 5.660780e+15
   4.967  525.73029  250.289 1.521381e+19 7.414411e+11 3.187293e+24 1.318175e+16 5.721976e+15
   4.864  533.18756  251.100 1.537977e+19 7.587101e+11 3.222062e+24 1.428384e+16 5.782016e+15
   4.761  540.64490  251.911 1.554467e+19 7.764772e+11 3.256608e+24 1.540783e+16 5.844008e+15
   4.658  548.26367  252.687 1.571530e+19 7.929379e+11 3.292356e+24 1.653202e+16 5.908159e+15
   4.555  555.93433  253.452 1.588708e+19 8.043619e+11 3.328344e+24 1.760091e+16 5.972740e+15
   4.452  563.62787  254.215 1.605864e+19 8.158342e+11 3.364285e+24 1.868875e+16 6.034626e+15
   4.349  571.51709  254.956 1.623605e+19 8.236504e+11 3.401451e+24 1.978259e+16 6.101293e+15
   4.247  579.40631  255.698 1.641242e+19 8.287419e+11 3.438402e+24 2.088113e+16 6.167571e+15
   4.144  587.40796  256.433 1.659140e+19 8.338461e+11 3.475898e+24 2.200277e+16 6.234830e+15
   4.041  595.51947  257.161 1.677289e+19 8.330043e+11 3.513921e+24 2.325945e+16 6.300165e+15
   3.938  603.63098  257.889 1.695336e+19 8.318965e+11 3.551729e+24 2.453663e+16 6.367951e+15
   3.835  611.95996  258.604 1.713976e+19 8.293305e+11 3.590780e+24 2.595523e+16 6.437964e+15
   3.732  620.29572  259.319 1.732534e+19 8.247233e+11 3.629660e+24 2.752378e+16 6.504519e+15
   3.629  628.74475  260.031 1.751320e+19 8.199333e+11 3.669016e+24 2.912527e+16 6.575047e+15
   3.526  637.30450  260.742 1.770324e+19 8.152762e+11 3.708829e+24 3.103628e+16 6.646395e+15
   3.423  645.89136  261.451 1.789308e+19 8.103186e+11 3.748600e+24 3.298116e+16 6.717665e+15
   3.321  654.67291  262.153 1.808783e+19 8.053177e+11 3.789400e+24 3.508639e+16 6.787178e+15
   3.218  663.45447  262.854 1.828154e+19 7.999911e+11 3.829983e+24 3.729878e+16 6.859864e+15
   3.115  672.41547  263.516 1.848191e+19 7.944554e+11 3.871960e+24 3.960540e+16 6.935050e+15
   3.012  681.41479  264.170 1.868292e+19 7.882152e+11 3.914071e+24 4.204105e+16 7.006457e+15
   2.909  690.54468  264.842 1.888523e+19 7.818613e+11 3.956457e+24 4.455187e+16 7.082330e+15
   2.806  699.75549  265.524 1.908794e+19 7.763542e+11 3.998924e+24 4.732661e+16 7.158350e+15
   2.703  709.07013  266.192 1.929349e+19 7.706846e+11 4.041986e+24 5.016040e+16 7.230952e+15
   2.600  718.48633  266.846 1.950179e+19 7.679934e+11 4.085625e+24 5.352630e+16 7.309020e+15
   2.497  728.00110  267.457 1.971491e+19 7.652540e+11 4.130274e+24 5.696647e+16 7.388895e+15
   2.395  737.61792  268.023 1.993312e+19 7.673638e+11 4.175988e+24 6.047122e+16 7.465611e+15
   2.292  747.34735  268.575 2.015456e+19 7.697756e+11 4.222380e+24 6.406789e+16 7.548547e+15
   2.189  757.15961  269.116 2.037813e+19 7.755142e+11 4.269218e+24 6.796643e+16 7.632283e+15
   2.086  767.11572  269.585 2.061015e+19 7.823156e+11 4.317825e+24 7.216318e+16 7.713256e+15
   1.983  777.12549  270.039 2.084405e+19 7.914442e+11 4.366828e+24 7.701266e+16 7.800792e+15
   1.880  787.30859  270.620 2.107180e+19 8.008485e+11 4.414543e+24 8.178568e+16 7.879352e+15
   1.777  797.56659  271.245 2.129721e+19 8.106025e+11 4.461765e+24 8.651396e+16 7.963635e+15
   1.674  807.92352  271.926 2.151970e+19 8.182609e+11 4.508378e+24 9.101908e+16 8.046834e+15
   1.571  818.43048  272.598 2.174583e+19 8.262246e+11 4.555751e+24 9.556413e+16 8.123958e+15
   1.469  829.02704  273.251 2.197477e+19 8.347691e+11 4.603714e+24 1.001557e+17 8.209488e+15
   1.366  839.72479  273.894 2.220600e+19 8.496008e+11 4.652157e+24 1.033486e+17 8.287851e+15
   1.263  850.54401  274.596 2.243466e+19 8.691909e+11 4.700061e+24 1.055739e+17 8.373191e+15
   1.160  861.48529  275.262 2.266828e+19 8.918589e+11 4.749004e+24 1.075772e+17 8.452216e+15
   1.057  872.53406  275.883 2.290734e+19 9.121117e+11 4.799088e+24 1.101659e+17 8.541354e+15
   0.954  883.69562  276.478 2.315039e+19 9.202279e+11 4.850006e+24 1.134443e+17 8.624310e+15
   0.851  894.97321  277.081 2.339486e+19 9.125497e+11 4.901223e+24 1.174567e+17 8.715384e+15
   0.748  906.36798  277.686 2.364112e+19 8.968942e+11 4.952814e+24 1.225122e+17 8.800288e+15
   0.645  917.88403  278.348 2.388451e+19 8.823044e+11 5.003806e+24 1.290049e+17 8.885273e+15
   0.542  929.51874  278.941 2.413581e+19 8.717402e+11 5.056451e+24 1.370237e+17 8.978757e+15
   0.440  941.26544  279.482 2.439351e+19 8.673656e+11 5.110440e+24 1.459042e+17 9.071255e+15
   0.337  953.16125  279.991 2.465695e+19 8.679488e+11 5.165630e+24 1.543708e+17 9.168170e+15
   0.234  965.20935  280.481 2.492494e+19 8.729261e+11 5.221775e+24 1.612681e+17 9.269162e+15
   0.131  977.37915  281.158 2.517844e+19 8.744248e+11 5.274883e+24 1.664518e+17 9.367229e+15
